 3730.600
 3730.600
 3730.600
 3730.600
 3730.600
 3730.600
 3730.600
 3730.600
 3730.600
 3730.600
 3730.600
 3730.600
 3730.600
 3730.600
 3730.600
 3730.600
 3730.600
 3730.600
 3730.600
 3730.600
 3730.600
 3730.600
 3730.600
 3730.600
 3730.600
 3730.600
 3730.600
 3730.600
 3730.600
 3730.600
 3730.600
 3730.600
 3730.600
 3730.600
 3730.600
 3730.600
 3730.600
 3730.600
 3730.600
 3730.600
 3730.600
 3730.600
 3730.600
 3730.600
 3730.600
 3730.600
 3730.600
 3730.600
 3730.600
 3730.600
 3730.600
 3730.600
 3730.600
 3730.600
 3730.600
 3730.600
 3730.600
 3730.600
 3730.600
 3730.600
 3730.600
 3730.600
 3730.600
 3730.600
 3730.600
 3730.600
 3730.600
 3730.600
 3730.600
 3730.600
 3730.600
 3730.600
 3730.600
 3730.600
 3730.600
 3730.600
 3730.600
 3730.600
 3730.600
 3730.600
 3730.600
 3730.600
 3730.600
 3730.600
 3730.600
 3730.600
 3730.600
 3730.600
 3730.600
 3730.600
 3730.600
 3730.600
 3730.600
 3730.600
 3730.600
 3730.600
 3730.600
 3730.600
 3730.600
 3730.600
 3730.600
 3730.600
 3730.600
 3730.600
 3730.600
 3730.600
 3730.600
 3730.600
 3730.600
 3730.600
 3730.600
 3730.600
 3730.600
 3730.600
 3730.600
 3730.600
 3730.600
 3730.600
 3730.600
 3730.600
 3730.600
 3730.600
 3730.600
 3730.600
 3730.600
 3730.600
 3730.600
 3730.600
 3730.600
 3730.600
 3730.600
 3730.600
 3730.600
 3730.600
 3730.600
 3730.600
 3730.600
 3730.600
 3730.600
 3730.600
 3730.600
 3730.600
 3730.600
 3730.600
 3730.600
 3730.600
 3730.600
 3730.600
 3730.600
 3730.600
 3730.600
 3730.600
 3730.600
 3730.600
 3730.600
 3730.600
 3730.600
 3730.600
 3730.600
 3730.600
 3730.600
 3730.600
 3730.600
 3730.600
 3730.600
 3730.600
 3730.600
 3730.600
 3730.600
 3730.600
 3730.600
 3730.600
 3730.600
 3730.600
 3730.600
 3730.600
 3730.600
 3730.600
 3730.600
 3730.600
 3730.600
 3730.600
 3730.600
 3730.600
 3730.600
 3730.600
 3730.600
 3730.600
 3730.600
 3730.600
 3730.600
 3730.600
 3730.600
 3730.600
 3730.600
 3730.600
 3730.600
 3730.600
 3730.600
 3730.600
 3730.600
 3730.600
 3730.600
 3730.600
 3730.600
 3730.600
 3730.600
 3730.600
 3730.600
 3730.600
 3730.600
 3730.600
 3730.600
 3730.600
 3730.600
 3730.600
 3730.600
 3730.600
 3730.600
 3730.600
 3730.600
 3730.600
 3730.600
 3730.600
 3730.600
 3730.600
 3730.600
 3730.600
 3730.600
 3730.600
 3730.600
 3730.600
 3730.600
 3730.600
 3730.600
 3730.600
 3730.600
 3730.600
 3730.600
 3730.600
 3730.600
 3730.600
 3730.600
 3730.600
 3730.600
 3730.600
 3730.600
 3730.600
 3730.600
 3730.600
 3730.600
 3730.600
 3730.600
 3730.600
 3730.600
 3730.600
 3730.600
 3730.600
 3730.600
 3730.600
 3730.600
 3730.600
 3730.600
 3730.600
 3730.600
 3730.600
 3730.600
 3730.600
 3730.600
 3730.600
 3730.600
 3730.600
 3730.600
 3730.600
 3730.600
 3730.600
 3730.600
 3730.600
 3730.600
 3730.600
 3730.600
 3730.600
 3730.600
 3730.600
 3730.600
 3730.600
 3730.600
 3730.600
 3730.600
 3730.600
 3730.600
 3730.600
 3730.600
 3730.600
 3730.600
 3730.600
 3730.600
 3730.600
 3730.600
 3730.600
 3730.600
 3730.600
 3730.600
 3730.600
 3730.600
 3730.600
 3730.600
 3730.600
 3730.600
 3730.600
 3730.600
 3730.600
 3730.600
 3730.600
 3730.600
 3730.600
 3730.600
 3730.600
 3730.600
 3730.600
 3730.600
 3730.600
 3730.600
 3730.600
 3730.600
 3730.600
 3730.600
 3730.600
 3730.600
 3730.600
 3730.600
 3730.600
 3730.600
 3730.600
 3730.600
 3730.600
 3730.600
 3730.600
 3730.600
 3730.600
 3730.600
 3730.600
 3730.600
 3730.600
 3730.600
 3730.600
 3730.600
 3730.600
 3730.600
 3730.600
 3730.600
 3730.600
 3730.600
 3730.600
 3730.600
 3730.600
 3730.600
 3730.600
 3730.600
 3730.600
 3730.600
 3730.600
 3730.600
 3730.600
 3730.600
 3730.600
 3730.600
 3730.600
 3730.600
 3730.600
 3730.600
 3730.600
 3730.600
 3730.600
 3730.600
 3730.600
 3730.600
 3730.600
 3730.600
 3730.600
 3730.600
 3730.600
 3730.600
 3730.600
 3730.600
 3730.600
 3730.600
 3730.600
 3730.600
 3730.600
 3730.600
 3730.600
 3730.596
 3730.594
 3730.590
 3730.580
 3730.569
 3730.567
 3730.563
 3730.549
 3730.541
 3730.539
 3730.535
 3730.533
 3730.525
 3730.521
 3730.517
 3730.517
 3730.517
 3730.517
 3730.517
 3730.510
 3730.502
 3730.496
 3730.490
 3730.488
 3730.480
 3730.468
 3730.458
 3730.456
 3730.454
 3730.454
 3730.454
 3730.460
 3730.482
 3730.496
 3730.500
 3730.510
 3730.533
 3730.551
 3730.559
 3730.571
 3730.584
 3730.598
 3730.610
 3730.620
 3730.630
 3730.639
 3730.649
 3730.663
 3730.673
 3730.687
 3730.703
 3730.718
 3730.730
 3730.746
 3730.764
 3730.777
 3730.789
 3730.803
 3730.819
 3730.833
 3730.848
 3730.860
 3730.876
 3730.892
 3730.907
 3730.921
 3730.933
 3730.949
 3730.965
 3730.980
 3730.992
 3731.006
 3731.020
 3731.037
 3731.051
 3731.061
 3731.077
 3731.093
 3731.108
 3731.122
 3731.138
 3731.154
 3731.171
 3731.185
 3731.195
 3731.209
 3731.221
 3731.238
 3731.252
 3731.264
 3731.278
 3731.293
 3731.305
 3731.319
 3731.335
 3731.351
 3731.366
 3731.378
 3731.392
 3731.410
 3731.422
 3731.433
 3731.445
 3731.459
 3731.471
 3731.479
 3731.489
 3731.500
 3731.514
 3731.522
 3731.532
 3731.544
 3731.554
 3731.563
 3731.573
 3731.585
 3731.595
 3731.607
 3731.617
 3731.625
 3731.635
 3731.644
 3731.654
 3731.664
 3731.676
 3731.688
 3731.696
 3731.707
 3731.715
 3731.723
 3731.735
 3731.743
 3731.749
 3731.755
 3731.763
 3731.772
 3731.780
 3731.788
 3731.794
 3731.802
 3731.808
 3731.812
 3731.814
 3731.820
 3731.824
 3731.824
 3731.820
 3731.800
 3731.792
 3731.784
 3731.765
 3731.755
 3731.753
 3731.751
 3731.747
 3731.745
 3731.745
 3731.743
 3731.743
 3731.743
 3731.743
 3731.743
 3731.743
 3731.743
 3731.743
 3731.743
 3731.743
 3731.743
 3731.743
 3731.743
 3731.743
 3731.743
 3731.743
 3731.743
 3731.743
 3731.743
 3731.743
 3731.743
 3731.743
 3731.743
 3731.743
 3731.743
 3731.743
 3731.743
 3731.743
 3731.743
 3731.743
 3731.743
 3731.743
 3731.743
 3731.743
 3731.743
 3731.743
 3731.743
 3731.743
 3731.743
 3731.743
 3731.751
 3731.772
 3731.780
 3731.790
 3731.800
 3731.814
 3731.828
 3731.835
 3731.847
 3731.861
 3731.875
 3731.887
 3731.901
 3731.916
 3731.930
 3731.944
 3731.958
 3731.973
 3731.989
 3732.005
 3732.017
 3732.031
 3732.048
 3732.062
 3732.076
 3732.090
 3732.104
 3732.119
 3732.133
 3732.145
 3732.157
 3732.171
 3732.182
 3732.198
 3732.214
 3732.228
 3732.240
 3732.255
 3732.271
 3732.283
 3732.301
 3732.316
 3732.332
 3732.342
 3732.358
 3732.374
 3732.389
 3732.403
 3732.417
 3732.431
 3732.445
 3732.457
 3732.472
 3732.488
 3732.504
 3732.518
 3732.533
 3732.549
 3732.565
 3732.577
 3732.593
 3732.610
 3732.624
 3732.638
 3732.652
 3732.667
 3732.683
 3732.697
 3732.713
 3732.727
 3732.744
 3732.760
 3732.774
 3732.790
 3732.808
 3732.817
 3732.829
 3732.845
 3732.859
 3732.875
 3732.890
 3732.904
 3732.916
 3732.928
 3732.946
 3732.959
 3732.971
 3732.985
 3732.999
 3733.015
 3733.028
 3733.040
 3733.052
 3733.068
 3733.084
 3733.099
 3733.113
 3733.129
 3733.147
 3733.163
 3733.172
 3733.188
 3733.206
 3733.220
 3733.234
 3733.249
 3733.265
 3733.279
 3733.295
 3733.307
 3733.318
 3733.334
 3733.348
 3733.364
 3733.378
 3733.393
 3733.409
 3733.425
 3733.439
 3733.451
 3733.468
 3733.484
 3733.498
 3733.512
 3733.528
 3733.543
 3733.557
 3733.567
 3733.583
 3733.599
 3733.612
 3733.624
 3733.638
 3733.652
 3733.664
 3733.676
 3733.691
 3733.707
 3733.719
 3733.733
 3733.745
 3733.762
 3733.774
 3733.786
 3733.800
 3733.814
 3733.827
 3733.839
 3733.849
 3733.865
 3733.881
 3733.896
 3733.908
 3733.920
 3733.936
 3733.954
 3733.968
 3733.981
 3733.995
 3734.013
 3734.029
 3734.045
 3734.060
 3734.078
 3734.092
 3734.104
 3734.118
 3734.134
 3734.149
 3734.165
 3734.179
 3734.193
 3734.205
 3734.220
 3734.238
 3734.254
 3734.270
 3734.285
 3734.301
 3734.319
 3734.337
 3734.351
 3734.366
 3734.382
 3734.400
 3734.414
 3734.427
 3734.441
 3734.457
 3734.473
 3734.487
 3734.501
 3734.514
 3734.528
 3734.544
 3734.556
 3734.570
 3734.583
 3734.601
 3734.617
 3734.629
 3734.643
 3734.659
 3734.677
 3734.692
 3734.708
 3734.722
 3734.740
 3734.755
 3734.771
 3734.783
 3734.799
 3734.817
 3734.834
 3734.850
 3734.860
 3734.876
 3734.892
 3734.907
 3734.919
 3734.933
 3734.951
 3734.965
 3734.979
 3734.994
 3735.010
 3735.024
 3735.038
 3735.052
 3735.067
 3735.083
 3735.101
 3735.115
 3735.131
 3735.148
 3735.164
 3735.180
 3735.194
 3735.208
 3735.224
 3735.239
 3735.257
 3735.269
 3735.279
 3735.293
 3735.309
 3735.320
 3735.332
 3735.348
 3735.364
 3735.378
 3735.394
 3735.411
 3735.423
 3735.437
 3735.453
 3735.465
 3735.477
 3735.490
 3735.504
 3735.518
 3735.530
 3735.542
 3735.558
 3735.573
 3735.589
 3735.603
 3735.619
 3735.633
 3735.646
 3735.662
 3735.674
 3735.688
 3735.700
 3735.716
 3735.729
 3735.743
 3735.759
 3735.775
 3735.791
 3735.805
 3735.820
 3735.838
 3735.852
 3735.866
 3735.882
 3735.896
 3735.909
 3735.923
 3735.939
 3735.955
 3735.969
 3735.982
 3736.000
 3736.014
 3736.026
 3736.040
 3736.056
 3736.072
 3736.085
 3736.099
 3736.111
 3736.125
 3736.139
 3736.155
 3736.170
 3736.184
 3736.200
 3736.212
 3736.226
 3736.243
 3736.259
 3736.269
 3736.285
 3736.299
 3736.313
 3736.327
 3736.340
 3736.352
 3736.366
 3736.382
 3736.398
 3736.412
 3736.427
 3736.443
 3736.457
 3736.473
 3736.487
 3736.500
 3736.514
 3736.528
 3736.540
 3736.556
 3736.570
 3736.586
 3736.597
 3736.609
 3736.627
 3736.641
 3736.655
 3736.669
 3736.683
 3736.697
 3736.708
 3736.724
 3736.740
 3736.754
 3736.770
 3736.783
 3736.797
 3736.809
 3736.825
 3736.839
 3736.853
 3736.866
 3736.882
 3736.896
 3736.910
 3736.922
 3736.936
 3736.952
 3736.968
 3736.979
 3736.995
 3737.011
 3737.029
 3737.043
 3737.057
 3737.070
 3737.086
 3737.102
 3737.116
 3737.130
 3737.142
 3737.154
 3737.165
 3737.183
 3737.195
 3737.211
 3737.225
 3737.237
 3737.250
 3737.264
 3737.280
 3737.294
 3737.308
 3737.320
 3737.334
 3737.349
 3737.365
 3737.379
 3737.393
 3737.407
 3737.423
 3737.437
 3737.450
 3737.466
 3737.480
 3737.496
 3737.512
 3737.526
 3737.540
 3737.552
 3737.565
 3737.579
 3737.593
 3737.607
 3737.625
 3737.639
 3737.652
 3737.666
 3737.684
 3737.700
 3737.714
 3737.726
 3737.741
 3737.757
 3737.773
 3737.785
 3737.799
 3737.817
 3737.831
 3737.844
 3737.858
 3737.874
 3737.888
 3737.902
 3737.914
 3737.928
 3737.944
 3737.958
 3737.973
 3737.991
 3738.001
 3738.017
 3738.033
 3738.043
 3738.058
 3738.074
 3738.088
 3738.104
 3738.120
 3738.136
 3738.150
 3738.164
 3738.177
 3738.191
 3738.203
 3738.217
 3738.233
 3738.249
 3738.260
 3738.274
 3738.288
 3738.300
 3738.314
 3738.328
 3738.338
 3738.352
 3738.368
 3738.381
 3738.393
 3738.407
 3738.421
 3738.433
 3738.445
 3738.459
 3738.475
 3738.490
 3738.502
 3738.516
 3738.530
 3738.544
 3738.560
 3738.576
 3738.588
 3738.600
 3738.615
 3738.631
 3738.645
 3738.659
 3738.673
 3738.689
 3738.703
 3738.717
 3738.732
 3738.748
 3738.762
 3738.774
 3738.784
 3738.800
 3738.814
 3738.823
 3738.839
 3738.851
 3738.867
 3738.883
 3738.897
 3738.909
 3738.925
 3738.940
 3738.954
 3738.968
 3738.980
 3738.996
 3739.010
 3739.026
 3739.042
 3739.054
 3739.067
 3739.083
 3739.095
 3739.111
 3739.127
 3739.143
 3739.157
 3739.171
 3739.185
 3739.200
 3739.212
 3739.228
 3739.244
 3739.260
 3739.276
 3739.290
 3739.303
 3739.319
 3739.333
 3739.347
 3739.363
 3739.375
 3739.391
 3739.405
 3739.421
 3739.437
 3739.450
 3739.468
 3739.482
 3739.498
 3739.512
 3739.522
 3739.534
 3739.550
 3739.565
 3739.579
 3739.595
 3739.611
 3739.627
 3739.643
 3739.657
 3739.671
 3739.687
 3739.702
 3739.716
 3739.732
 3739.748
 3739.762
 3739.778
 3739.794
 3739.808
 3739.822
 3739.835
 3739.854
 3739.867
 3739.879
 3739.893
 3739.909
 3739.925
 3739.939
 3739.955
 3739.970
 3739.984
 3739.998
 3740.010
 3740.024
 3740.042
 3740.056
 3740.068
 3740.082
 3740.096
 3740.108
 3740.122
 3740.134
 3740.149
 3740.161
 3740.177
 3740.193
 3740.207
 3740.219
 3740.233
 3740.249
 3740.263
 3740.276
 3740.294
 3740.308
 3740.324
 3740.338
 3740.356
 3740.370
 3740.384
 3740.398
 3740.412
 3740.427
 3740.439
 3740.453
 3740.467
 3740.481
 3740.495
 3740.507
 3740.521
 3740.535
 3740.549
 3740.563
 3740.577
 3740.591
 3740.606
 3740.620
 3740.636
 3740.650
 3740.668
 3740.682
 3740.696
 3740.706
 3740.720
 3740.738
 3740.751
 3740.761
 3740.773
 3740.787
 3740.805
 3740.819
 3740.831
 3740.849
 3740.863
 3740.877
 3740.893
 3740.905
 3740.917
 3740.930
 3740.944
 3740.960
 3740.976
 3740.992
 3741.006
 3741.020
 3741.036
 3741.048
 3741.062
 3741.076
 3741.090
 3741.104
 3741.117
 3741.129
 3741.143
 3741.159
 3741.173
 3741.185
 3741.199
 3741.211
 3741.225
 3741.241
 3741.255
 3741.267
 3741.279
 3741.293
 3741.307
 3741.319
 3741.333
 3741.348
 3741.362
 3741.378
 3741.392
 3741.406
 3741.418
 3741.430
 3741.444
 3741.458
 3741.474
 3741.486
 3741.498
 3741.511
 3741.523
 3741.537
 3741.552
 3741.563
 3741.577
 3741.591
 3741.603
 3741.613
 3741.623
 3741.633
 3741.637
 3741.645
 3741.653
 3741.655
 3741.663
 3741.673
 3741.673
 3741.673
 3741.673
 3741.673
 3741.673
 3741.673
 3741.673
 3741.673
 3741.673
 3741.673
 3741.673
 3741.673
 3741.673
 3741.673
 3741.673
 3741.673
 3741.673
 3741.673
 3741.673
 3741.673
 3741.673
 3741.673
 3741.673
 3741.673
 3741.673
 3741.673
 3741.673
 3741.673
 3741.673
 3741.673
 3741.673
 3741.673
 3741.673
 3741.673
 3741.673
 3741.673
 3741.673
 3741.673
 3741.673
 3741.673
 3741.677
 3741.693
 3741.701
 3741.707
 3741.713
 3741.725
 3741.735
 3741.739
 3741.740
 3741.752
 3741.764
 3741.771
 3741.772
 3741.782
 3741.798
 3741.804
 3741.818
 3741.832
 3741.838
 3741.840
 3741.848
 3741.858
 3741.868
 3741.870
 3741.878
 3741.892
 3741.898
 3741.904
 3741.910
 3741.918
 3741.930
 3741.936
 3741.944
 3741.950
 3741.960
 3741.966
 3741.972
 3741.978
 3741.988
 3741.994
 3742.000
 3742.010
 3742.018
 3742.025
 3742.033
 3742.042
 3742.051
 3742.057
 3742.061
 3742.071
 3742.081
 3742.087
 3742.095
 3742.101
 3742.111
 3742.119
 3742.127
 3742.137
 3742.145
 3742.153
 3742.161
 3742.169
 3742.179
 3742.185
 3742.191
 3742.203
 3742.209
 3742.217
 3742.225
 3742.235
 3742.243
 3742.251
 3742.259
 3742.267
 3742.275
 3742.285
 3742.292
 3742.301
 3742.309
 3742.316
 3742.323
 3742.331
 3742.340
 3742.348
 3742.356
 3742.362
 3742.372
 3742.382
 3742.388
 3742.398
 3742.400
 3742.408
 3742.424
 3742.430
 3742.434
 3742.436
 3742.456
 3742.466
 3742.476
 3742.486
 3742.492
 3742.500
 3742.506
 3742.516
 3742.526
 3742.534
 3742.544
 3742.552
 3742.562
 3742.568
 3742.574
 3742.584
 3742.594
 3742.598
 3742.604
 3742.612
 3742.620
 3742.630
 3742.636
 3742.644
 3742.652
 3742.660
 3742.666
 3742.676
 3742.679
 3742.689
 3742.696
 3742.704
 3742.716
 3742.719
 3742.731
 3742.737
 3742.745
 3742.753
 3742.761
 3742.769
 3742.775
 3742.787
 3742.793
 3742.801
 3742.811
 3742.819
 3742.827
 3742.835
 3742.843
 3742.849
 3742.857
 3742.865
 3742.871
 3742.875
 3742.893
 3742.901
 3742.903
 3742.905
 3742.917
 3742.931
 3742.935
 3742.941
 3742.951
 3742.959
 3742.967
 3742.971
 3742.981
 3742.989
 3742.997
 3743.003
 3743.013
 3743.019
 3743.029
 3743.035
 3743.043
 3743.051
 3743.061
 3743.069
 3743.077
 3743.083
 3743.095
 3743.101
 3743.107
 3743.115
 3743.121
 3743.129
 3743.137
 3743.145
 3743.153
 3743.163
 3743.171
 3743.179
 3743.187
 3743.193
 3743.205
 3743.211
 3743.219
 3743.227
 3743.235
 3743.243
 3743.249
 3743.257
 3743.265
 3743.271
 3743.281
 3743.289
 3743.297
 3743.304
 3743.313
 3743.321
 3743.329
 3743.336
 3743.343
 3743.351
 3743.358
 3743.365
 3743.375
 3743.383
 3743.390
 3743.403
 3743.408
 3743.415
 3743.420
 3743.428
 3743.437
 3743.442
 3743.450
 3743.460
 3743.466
 3743.474
 3743.480
 3743.490
 3743.496
 3743.504
 3743.510
 3743.516
 3743.526
 3743.532
 3743.544
 3743.550
 3743.556
 3743.566
 3743.574
 3743.580
 3743.588
 3743.592
 3743.596
 3743.612
 3743.620
 3743.626
 3743.638
 3743.654
 3743.656
 3743.658
 3743.672
 3743.682
 3743.686
 3743.692
 3743.698
 3743.710
 3743.720
 3743.726
 3743.734
 3743.742
 3743.748
 3743.756
 3743.762
 3743.770
 3743.778
 3743.784
 3743.792
 3743.800
 3743.808
 3743.816
 3743.826
 3743.834
 3743.844
 3743.850
 3743.860
 3743.868
 3743.875
 3743.882
 3743.890
 3743.896
 3743.908
 3743.917
 3743.922
 3743.932
 3743.934
 3743.942
 3743.960
 3743.967
 3743.970
 3743.987
 3743.997
 3743.999
 3744.004
 3744.019
 3744.027
 3744.032
 3744.034
 3744.051
 3744.061
 3744.064
 3744.079
 3744.094
 3744.099
 3744.113
 3744.127
 3744.131
 3744.147
 3744.157
 3744.163
 3744.165
 3744.175
 3744.187
 3744.191
 3744.199
 3744.211
 3744.217
 3744.225
 3744.231
 3744.239
 3744.251
 3744.257
 3744.261
 3744.273
 3744.277
 3744.285
 3744.301
 3744.305
 3744.309
 3744.315
 3744.327
 3744.337
 3744.343
 3744.351
 3744.361
 3744.369
 3744.377
 3744.385
 3744.395
 3744.405
 3744.407
 3744.417
 3744.431
 3744.437
 3744.441
 3744.445
 3744.463
 3744.471
 3744.477
 3744.485
 3744.493
 3744.505
 3744.511
 3744.519
 3744.531
 3744.535
 3744.543
 3744.553
 3744.561
 3744.571
 3744.579
 3744.589
 3744.597
 3744.604
 3744.614
 3744.619
 3744.629
 3744.639
 3744.647
 3744.656
 3744.664
 3744.674
 3744.680
 3744.686
 3744.696
 3744.706
 3744.714
 3744.722
 3744.730
 3744.740
 3744.748
 3744.754
 3744.764
 3744.774
 3744.782
 3744.788
 3744.798
 3744.806
 3744.814
 3744.824
 3744.832
 3744.842
 3744.848
 3744.856
 3744.864
 3744.872
 3744.880
 3744.892
 3744.900
 3744.910
 3744.918
 3744.924
 3744.934
 3744.942
 3744.948
 3744.958
 3744.960
 3744.970
 3744.987
 3744.993
 3744.995
 3745.011
 3745.023
 3745.025
 3745.029
 3745.039
 3745.049
 3745.053
 3745.063
 3745.073
 3745.081
 3745.089
 3745.095
 3745.109
 3745.113
 3745.119
 3745.127
 3745.133
 3745.145
 3745.153
 3745.159
 3745.171
 3745.177
 3745.183
 3745.193
 3745.199
 3745.207
 3745.218
 3745.225
 3745.233
 3745.238
 3745.248
 3745.262
 3745.268
 3745.284
 3745.292
 3745.296
 3745.302
 3745.316
 3745.322
 3745.328
 3745.336
 3745.342
 3745.350
 3745.358
 3745.366
 3745.376
 3745.382
 3745.390
 3745.400
 3745.408
 3745.414
 3745.424
 3745.432
 3745.440
 3745.448
 3745.455
 3745.460
 3745.473
 3745.475
 3745.483
 3745.497
 3745.501
 3745.507
 3745.515
 3745.525
 3745.535
 3745.541
 3745.549
 3745.557
 3745.565
 3745.573
 3745.579
 3745.589
 3745.599
 3745.605
 3745.613
 3745.623
 3745.629
 3745.637
 3745.644
 3745.647
 3745.662
 3745.672
 3745.676
 3745.684
 3745.690
 3745.700
 3745.708
 3745.714
 3745.722
 3745.732
 3745.738
 3745.748
 3745.752
 3745.762
 3745.772
 3745.778
 3745.788
 3745.792
 3745.800
 3745.811
 3745.814
 3745.824
 3745.833
 3745.841
 3745.847
 3745.857
 3745.865
 3745.871
 3745.877
 3745.885
 3745.895
 3745.903
 3745.911
 3745.917
 3745.925
 3745.931
 3745.943
 3745.949
 3745.953
 3745.968
 3745.976
 3745.979
 3745.990
 3745.996
 3746.008
 3746.014
 3746.018
 3746.030
 3746.036
 3746.046
 3746.054
 3746.062
 3746.070
 3746.076
 3746.084
 3746.094
 3746.098
 3746.113
 3746.118
 3746.129
 3746.137
 3746.143
 3746.151
 3746.157
 3746.165
 3746.175
 3746.181
 3746.189
 3746.201
 3746.207
 3746.217
 3746.221
 3746.229
 3746.240
 3746.245
 3746.251
 3746.264
 3746.268
 3746.278
 3746.288
 3746.294
 3746.302
 3746.308
 3746.318
 3746.328
 3746.332
 3746.340
 3746.350
 3746.356
 3746.366
 3746.373
 3746.383
 3746.386
 3746.397
 3746.405
 3746.413
 3746.421
 3746.427
 3746.437
 3746.445
 3746.453
 3746.461
 3746.471
 3746.479
 3746.487
 3746.495
 3746.501
 3746.508
 3746.520
 3746.526
 3746.532
 3746.542
 3746.548
 3746.558
 3746.566
 3746.572
 3746.580
 3746.586
 3746.592
 3746.600
 3746.608
 3746.613
 3746.621
 3746.631
 3746.639
 3746.647
 3746.653
 3746.661
 3746.671
 3746.677
 3746.685
 3746.695
 3746.699
 3746.707
 3746.718
 3746.724
 3746.732
 3746.738
 3746.746
 3746.754
 3746.762
 3746.770
 3746.780
 3746.784
 3746.786
 3746.800
 3746.810
 3746.814
 3746.824
 3746.833
 3746.843
 3746.849
 3746.851
 3746.863
 3746.869
 3746.875
 3746.887
 3746.893
 3746.901
 3746.909
 3746.916
 3746.924
 3746.932
 3746.938
 3746.946
 3746.956
 3746.962
 3746.970
 3746.978
 3746.986
 3746.994
 3747.002
 3747.008
 3747.019
 3747.022
 3747.031
 3747.047
 3747.053
 3747.055
 3747.061
 3747.077
 3747.083
 3747.089
 3747.097
 3747.107
 3747.115
 3747.124
 3747.130
 3747.138
 3747.146
 3747.148
 3747.160
 3747.170
 3747.176
 3747.184
 3747.190
 3747.198
 3747.208
 3747.215
 3747.219
 3747.237
 3747.241
 3747.245
 3747.257
 3747.265
 3747.271
 3747.277
 3747.288
 3747.298
 3747.302
 3747.304
 3747.322
 3747.328
 3747.336
 3747.342
 3747.352
 3747.360
 3747.366
 3747.368
 3747.383
 3747.393
 3747.403
 3747.415
 3747.421
 3747.431
 3747.448
 3747.451
 3747.456
 3747.466
 3747.478
 3747.480
 3747.494
 3747.504
 3747.506
 3747.516
 3747.524
 3747.532
 3747.541
 3747.551
 3747.567
 3747.569
 3747.579
 3747.585
 3747.595
 3747.604
 3747.610
 3747.620
 3747.628
 3747.632
 3747.644
 3747.646
 3747.656
 3747.670
 3747.672
 3747.678
 3747.693
 3747.699
 3747.701
 3747.711
 3747.719
 3747.727
 3747.733
 3747.747
 3747.758
 3747.760
 3747.772
 3747.782
 3747.786
 3747.792
 3747.800
 3747.806
 3747.814
 3747.821
 3747.829
 3747.839
 3747.845
 3747.849
 3747.861
 3747.867
 3747.873
 3747.881
 3747.887
 3747.900
 3747.906
 3747.914
 3747.920
 3747.928
 3747.938
 3747.944
 3747.954
 3747.960
 3747.969
 3747.977
 3747.987
 3747.993
 3747.995
 3748.005
 3748.017
 3748.019
 3748.023
 3748.040
 3748.048
 3748.054
 3748.062
 3748.072
 3748.080
 3748.094
 3748.107
 3748.113
 3748.121
 3748.127
 3748.135
 3748.143
 3748.149
 3748.160
 3748.166
 3748.174
 3748.186
 3748.192
 3748.198
 3748.208
 3748.214
 3748.225
 3748.233
 3748.239
 3748.249
 3748.255
 3748.263
 3748.273
 3748.280
 3748.286
 3748.296
 3748.302
 3748.310
 3748.316
 3748.324
 3748.333
 3748.341
 3748.345
 3748.355
 3748.361
 3748.369
 3748.379
 3748.385
 3748.394
 3748.400
 3748.406
 3748.418
 3748.424
 3748.430
 3748.440
 3748.448
 3748.457
 3748.463
 3748.471
 3748.479
 3748.487
 3748.495
 3748.503
 3748.511
 3748.514
 3748.520
 3748.534
 3748.540
 3748.542
 3748.554
 3748.566
 3748.571
 3748.577
 3748.587
 3748.597
 3748.601
 3748.611
 3748.622
 3748.628
 3748.636
 3748.642
 3748.652
 3748.660
 3748.666
 3748.672
 3748.685
 3748.687
 3748.699
 3748.711
 3748.713
 3748.721
 3748.736
 3748.742
 3748.748
 3748.754
 3748.762
 3748.770
 3748.774
 3748.785
 3748.797
 3748.801
 3748.811
 3748.823
 3748.827
 3748.838
 3748.846
 3748.854
 3748.862
 3748.868
 3748.881
 3748.887
 3748.889
 3748.905
 3748.913
 3748.915
 3748.923
 3748.934
 3748.944
 3748.948
 3748.954
 3748.966
 3748.970
 3748.983
 3748.991
 3748.997
 3749.007
 3749.013
 3749.021
 3749.030
 3749.036
 3749.044
 3749.056
 3749.062
 3749.073
 3749.079
 3749.089
 3749.095
 3749.101
 3749.107
 3749.119
 3749.124
 3749.132
 3749.144
 3749.148
 3749.156
 3749.164
 3749.173
 3749.183
 3749.191
 3749.199
 3749.207
 3749.216
 3749.224
 3749.230
 3749.236
 3749.248
 3749.254
 3749.265
 3749.271
 3749.279
 3749.289
 3749.295
 3749.303
 3749.312
 3749.320
 3749.330
 3749.338
 3749.346
 3749.353
 3749.363
 3749.369
 3749.375
 3749.385
 3749.392
 3749.404
 3749.406
 3749.416
 3749.424
 3749.430
 3749.445
 3749.447
 3749.457
 3749.465
 3749.471
 3749.479
 3749.488
 3749.496
 3749.506
 3749.514
 3749.523
 3749.531
 3749.541
 3749.545
 3749.551
 3749.562
 3749.568
 3749.580
 3749.586
 3749.592
 3749.604
 3749.607
 3749.615
 3749.625
 3749.627
 3749.637
 3749.652
 3749.654
 3749.662
 3749.668
 3749.676
 3749.687
 3749.693
 3749.701
 3749.707
 3749.715
 3749.724
 3749.734
 3749.740
 3749.750
 3749.759
 3749.767
 3749.775
 3749.779
 3749.789
 3749.797
 3749.804
 3749.814
 3749.822
 3749.828
 3749.836
 3749.845
 3749.851
 3749.859
 3749.869
 3749.875
 3749.886
 3749.892
 3749.902
 3749.910
 3749.913
 3749.929
 3749.937
 3749.949
 3749.962
 3749.966
 3749.974
 3749.980
 3749.991
 3749.997
 3750.005
 3750.015
 3750.021
 3750.030
 3750.036
 3750.046
 3750.052
 3750.061
 3750.071
 3750.077
 3750.085
 3750.091
 3750.102
 3750.108
 3750.114
 3750.122
 3750.133
 3750.139
 3750.147
 3750.153
 3750.159
 3750.174
 3750.180
 3750.182
 3750.194
 3750.203
 3750.209
 3750.217
 3750.225
 3750.236
 3750.242
 3750.252
 3750.258
 3750.269
 3750.277
 3750.285
 3750.291
 3750.299
 3750.310
 3750.316
 3750.326
 3750.330
 3750.339
 3750.349
 3750.355
 3750.363
 3750.372
 3750.378
 3750.384
 3750.392
 3750.398
 3750.409
 3750.417
 3750.423
 3750.434
 3750.438
 3750.448
 3750.460
 3750.462
 3750.467
 3750.485
 3750.491
 3750.498
 3750.502
 3750.518
 3750.524
 3750.526
 3750.541
 3750.549
 3750.553
 3750.562
 3750.572
 3750.576
 3750.586
 3750.594
 3750.601
 3750.609
 3750.617
 3750.624
 3750.636
 3750.642
 3750.650
 3750.661
 3750.665
 3750.675
 3750.681
 3750.696
 3750.708
 3750.710
 3750.719
 3750.729
 3750.737
 3750.743
 3750.754
 3750.762
 3750.770
 3750.779
 3750.787
 3750.793
 3750.799
 3750.808
 3750.816
 3750.824
 3750.834
 3750.839
 3750.847
 3750.855
 3750.857
 3750.865
 3750.884
 3750.888
 3750.893
 3750.905
 3750.915
 3750.919
 3750.924
 3750.936
 3750.942
 3750.953
 3750.963
 3750.967
 3750.969
 3750.988
 3750.996
 3751.000
 3751.009
 3751.019
 3751.027
 3751.040
 3751.052
 3751.058
 3751.067
 3751.073
 3751.081
 3751.087
 3751.094
 3751.104
 3751.115
 3751.123
 3751.129
 3751.137
 3751.144
 3751.150
 3751.164
 3751.171
 3751.173
 3751.187
 3751.198
 3751.200
 3751.208
 3751.216
 3751.227
 3751.233
 3751.241
 3751.248
 3751.258
 3751.266
 3751.274
 3751.281
 3751.289
 3751.295
 3751.304
 3751.312
 3751.320
 3751.326
 3751.337
 3751.343
 3751.352
 3751.362
 3751.364
 3751.374
 3751.383
 3751.387
 3751.399
 3751.408
 3751.412
 3751.424
 3751.433
 3751.437
 3751.447
 3751.456
 3751.462
 3751.474
 3751.479
 3751.485
 3751.495
 3751.499
 3751.506
 3751.522
 3751.524
 3751.529
 3751.545
 3751.552
 3751.562
 3751.572
 3751.579
 3751.587
 3751.593
 3751.602
 3751.608
 3751.616
 3751.625
 3751.631
 3751.639
 3751.647
 3751.654
 3751.664
 3751.673
 3751.679
 3751.689
 3751.698
 3751.706
 3751.714
 3751.721
 3751.729
 3751.740
 3751.746
 3751.756
 3751.771
 3751.773
 3751.779
 3751.792
 3751.798
 3751.806
 3751.815
 3751.823
 3751.832
 3751.836
 3751.846
 3751.854
 3751.859
 3751.869
 3751.877
 3751.884
 3751.892
 3751.901
 3751.907
 3751.917
 3751.924
 3751.930
 3751.942
 3751.947
 3751.959
 3751.966
 3751.970
 3751.978
 3751.987
 3751.995
 3752.001
 3752.010
 3752.016
 3752.026
 3752.035
 3752.041
 3752.049
 3752.056
 3752.062
 3752.074
 3752.079
 3752.091
 3752.095
 3752.102
 3752.112
 3752.119
 3752.127
 3752.135
 3752.144
 3752.152
 3752.161
 3752.167
 3752.175
 3752.184
 3752.194
 3752.201
 3752.207
 3752.218
 3752.224
 3752.234
 3752.240
 3752.251
 3752.257
 3752.268
 3752.276
 3752.283
 3752.295
 3752.308
 3752.310
 3752.321
 3752.329
 3752.337
 3752.344
 3752.354
 3752.361
 3752.367
 3752.375
 3752.384
 3752.392
 3752.398
 3752.409
 3752.413
 3752.424
 3752.434
 3752.441
 3752.449
 3752.455
 3752.462
 3752.470
 3752.479
 3752.483
 3752.493
 3752.502
 3752.506
 3752.517
 3752.525
 3752.531
 3752.542
 3752.548
 3752.557
 3752.565
 3752.572
 3752.580
 3752.588
 3752.595
 3752.599
 3752.612
 3752.618
 3752.624
 3752.633
 3752.641
 3752.648
 3752.658
 3752.667
 3752.675
 3752.681
 3752.690
 3752.698
 3752.707
 3752.718
 3752.724
 3752.732
 3752.741
 3752.749
 3752.756
 3752.766
 3752.775
 3752.777
 3752.794
 3752.800
 3752.804
 3752.817
 3752.823
 3752.825
 3752.843
 3752.851
 3752.855
 3752.866
 3752.872
 3752.881
 3752.887
 3752.896
 3752.904
 3752.913
 3752.919
 3752.927
 3752.934
 3752.944
 3752.953
 3752.955
 3752.968
 3752.976
 3752.979
 3752.991
 3753.000
 3753.006
 3753.017
 3753.023
 3753.027
 3753.040
 3753.046
 3753.053
 3753.061
 3753.068
 3753.074
 3753.085
 3753.091
 3753.102
 3753.110
 3753.117
 3753.121
 3753.132
 3753.138
 3753.146
 3753.155
 3753.159
 3753.168
 3753.174
 3753.181
 3753.189
 3753.200
 3753.204
 3753.213
 3753.221
 3753.230
 3753.238
 3753.245
 3753.253
 3753.262
 3753.270
 3753.279
 3753.285
 3753.294
 3753.300
 3753.309
 3753.320
 3753.326
 3753.337
 3753.343
 3753.349
 3753.360
 3753.366
 3753.373
 3753.384
 3753.390
 3753.396
 3753.407
 3753.412
 3753.424
 3753.433
 3753.439
 3753.446
 3753.457
 3753.465
 3753.474
 3753.480
 3753.482
 3753.495
 3753.504
 3753.510
 3753.517
 3753.523
 3753.530
 3753.538
 3753.547
 3753.553
 3753.562
 3753.568
 3753.577
 3753.585
 3753.594
 3753.603
 3753.609
 3753.617
 3753.626
 3753.635
 3753.643
 3753.650
 3753.658
 3753.665
 3753.667
 3753.682
 3753.691
 3753.693
 3753.699
 3753.714
 3753.719
 3753.725
 3753.731
 3753.742
 3753.749
 3753.757
 3753.766
 3753.770
 3753.779
 3753.788
 3753.792
 3753.801
 3753.811
 3753.816
 3753.831
 3753.833
 3753.839
 3753.850
 3753.854
 3753.865
 3753.876
 3753.891
 3753.900
 3753.908
 3753.915
 3753.924
 3753.932
 3753.937
 3753.948
 3753.954
 3753.958
 3753.969
 3753.976
 3753.984
 3753.993
 3754.004
 3754.010
 3754.015
 3754.023
 3754.032
 3754.049
 3754.058
 3754.060
 3754.064
 3754.077
 3754.084
 3754.093
 3754.101
 3754.108
 3754.119
 3754.127
 3754.134
 3754.143
 3754.149
 3754.158
 3754.167
 3754.175
 3754.182
 3754.188
 3754.195
 3754.201
 3754.210
 3754.219
 3754.223
 3754.238
 3754.240
 3754.254
 3754.264
 3754.269
 3754.278
 3754.286
 3754.293
 3754.304
 3754.308
 3754.315
 3754.326
 3754.332
 3754.341
 3754.347
 3754.356
 3754.365
 3754.371
 3754.380
 3754.389
 3754.393
 3754.404
 3754.411
 3754.419
 3754.426
 3754.437
 3754.446
 3754.448
 3754.463
 3754.470
 3754.474
 3754.487
 3754.492
 3754.500
 3754.509
 3754.520
 3754.525
 3754.533
 3754.540
 3754.549
 3754.558
 3754.564
 3754.571
 3754.580
 3754.588
 3754.595
 3754.604
 3754.613
 3754.615
 3754.632
 3754.639
 3754.641
 3754.652
 3754.661
 3754.663
 3754.676
 3754.685
 3754.694
 3754.703
 3754.709
 3754.718
 3754.727
 3754.733
 3754.738
 3754.749
 3754.756
 3754.764
 3754.773
 3754.780
 3754.784
 3754.795
 3754.802
 3754.809
 3754.822
 3754.826
 3754.835
 3754.844
 3754.851
 3754.857
 3754.868
 3754.875
 3754.882
 3754.890
 3754.897
 3754.906
 3754.915
 3754.921
 3754.930
 3754.939
 3754.948
 3754.955
 3754.964
 3754.970
 3754.981
 3754.990
 3754.992
 3755.006
 3755.012
 3755.015
 3755.030
 3755.035
 3755.046
 3755.059
 3755.063
 3755.068
 3755.083
 3755.088
 3755.097
 3755.106
 3755.115
 3755.124
 3755.130
 3755.139
 3755.150
 3755.157
 3755.164
 3755.173
 3755.179
 3755.186
 3755.197
 3755.202
 3755.211
 3755.220
 3755.224
 3755.233
 3755.247
 3755.256
 3755.269
 3755.282
 3755.294
 3755.298
 3755.305
 3755.316
 3755.318
 3755.330
 3755.341
 3755.347
 3755.354
 3755.363
 3755.370
 3755.374
 3755.388
 3755.392
 3755.395
 3755.408
 3755.415
 3755.417
 3755.435
 3755.438
 3755.444
 3755.460
 3755.464
 3755.471
 3755.480
 3755.485
 3755.494
 3755.503
 3755.510
 3755.521
 3755.525
 3755.532
 3755.543
 3755.550
 3755.559
 3755.564
 3755.571
 3755.586
 3755.589
 3755.600
 3755.607
 3755.609
 3755.623
 3755.632
 3755.636
 3755.643
 3755.650
 3755.657
 3755.664
 3755.675
 3755.679
 3755.688
 3755.698
 3755.704
 3755.713
 3755.723
 3755.732
 3755.739
 3755.748
 3755.754
 3755.761
 3755.773
 3755.780
 3755.782
 3755.795
 3755.802
 3755.807
 3755.821
 3755.825
 3755.827
 3755.841
 3755.846
 3755.850
 3755.864
 3755.871
 3755.878
 3755.887
 3755.894
 3755.903
 3755.910
 3755.921
 3755.928
 3755.930
 3755.944
 3755.951
 3755.953
 3755.972
 3755.976
 3755.983
 3755.997
 3756.011
 3756.020
 3756.034
 3756.043
 3756.045
 3756.057
 3756.066
 3756.071
 3756.080
 3756.087
 3756.094
 3756.103
 3756.110
 3756.122
 3756.126
 3756.128
 3756.142
 3756.152
 3756.156
 3756.163
 3756.175
 3756.179
 3756.184
 3756.196
 3756.203
 3756.207
 3756.223
 3756.226
 3756.238
 3756.247
 3756.249
 3756.258
 3756.268
 3756.270
 3756.279
 3756.289
 3756.293
 3756.302
 3756.314
 3756.317
 3756.326
 3756.338
 3756.340
 3756.352
 3756.359
 3756.368
 3756.375
 3756.382
 3756.389
 3756.396
 3756.405
 3756.415
 3756.424
 3756.429
 3756.440
 3756.445
 3756.455
 3756.464
 3756.471
 3756.478
 3756.488
 3756.495
 3756.502
 3756.511
 3756.521
 3756.525
 3756.530
 3756.544
 3756.546
 3756.553
 3756.568
 3756.570
 3756.582
 3756.594
 3756.603
 3756.617
 3756.629
 3756.641
 3756.646
 3756.662
 3756.665
 3756.677
 3756.686
 3756.688
 3756.703
 3756.710
 3756.712
 3756.729
 3756.734
 3756.743
 3756.755
 3756.757
 3756.762
 3756.779
 3756.781
 3756.791
 3756.800
 3756.805
 3756.815
 3756.829
 3756.844
 3756.851
 3756.853
 3756.863
 3756.875
 3756.887
 3756.899
 3756.913
 3756.920
 3756.923
 3756.932
 3756.942
 3756.949
 3756.957
 3756.964
 3756.973
 3756.978
 3756.985
 3757.000
 3757.002
 3757.014
 3757.024
 3757.027
 3757.039
 3757.048
 3757.051
 3757.063
 3757.073
 3757.075
 3757.087
 3757.097
 3757.099
 3757.114
 3757.121
 3757.126
 3757.138
 3757.141
 3757.155
 3757.160
 3757.163
 3757.175
 3757.185
 3757.197
 3757.207
 3757.209
 3757.221
 3757.234
 3757.241
 3757.256
 3757.258
 3757.263
 3757.281
 3757.283
 3757.285
 3757.302
 3757.305
 3757.313
 3757.327
 3757.330
 3757.335
 3757.347
 3757.350
 3757.364
 3757.372
 3757.384
 3757.394
 3757.396
 3757.414
 3757.419
 3757.421
 3757.431
 3757.441
 3757.446
 3757.456
 3757.469
 3757.481
 3757.491
 3757.494
 3757.504
 3757.514
 3757.519
 3757.526
 3757.539
 3757.541
 3757.551
 3757.561
 3757.569
 3757.576
 3757.584
 3757.592
 3757.599
 3757.607
 3757.612
 3757.627
 3757.632
 3757.635
 3757.645
 3757.655
 3757.660
 3757.667
 3757.682
 3757.695
 3757.705
 3757.708
 3757.716
 3757.728
 3757.733
 3757.741
 3757.749
 3757.751
 3757.769
 3757.774
 3757.779
 3757.792
 3757.797
 3757.802
 3757.815
 3757.823
 3757.828
 3757.843
 3757.848
 3757.854
 3757.864
 3757.874
 3757.877
 3757.890
 3757.900
 3757.903
 3757.913
 3757.926
 3757.928
 3757.936
 3757.947
 3757.952
 3757.954
 3757.972
 3757.978
 3757.980
 3757.996
 3758.009
 3758.022
 3758.027
 3758.043
 3758.046
 3758.051
 3758.066
 3758.072
 3758.074
 3758.087
 3758.098
 3758.111
 3758.122
 3758.124
 3758.130
 3758.148
 3758.151
 3758.159
 3758.169
 3758.175
 3758.188
 3758.193
 3758.201
 3758.209
 3758.214
 3758.222
 3758.233
 3758.241
 3758.246
 3758.257
 3758.265
 3758.273
 3758.281
 3758.284
 3758.297
 3758.300
 3758.308
 3758.324
 3758.335
 3758.346
 3758.351
 3758.362
 3758.367
 3758.378
 3758.381
 3758.397
 3758.402
 3758.405
 3758.419
 3758.424
 3758.435
 3758.440
 3758.446
 3758.457
 3758.465
 3758.473
 3758.476
 3758.479
 3758.487
 3758.490
 3758.490
 3758.490
 3758.490
 3758.490
 3758.490
 3758.490
 3758.490
 3758.490
 3758.492
 3758.495
 3758.495
 3758.503
 3758.503
 3758.503
 3758.503
 3758.503
 3758.503
 3758.503
 3758.503
 3758.503
 3758.503
 3758.503
 3758.503
 3758.503
 3758.503
 3758.503
 3758.503
 3758.503
 3758.503
 3758.503
 3758.503
 3758.503
 3758.503
 3758.503
 3758.503
 3758.503
 3758.503
 3758.503
 3758.503
 3758.503
 3758.503
 3758.503
 3758.503
 3758.503
 3758.503
 3758.503
 3758.503
 3758.503
 3758.503
 3758.503
 3758.503
 3758.503
 3758.503
 3758.503
 3758.503
 3758.503
 3758.503
 3758.503
 3758.503
 3758.503
 3758.503
 3758.503
 3758.503
 3758.503
 3758.503
 3758.503
 3758.503
 3758.503
 3758.503
 3758.503
 3758.503
 3758.503
 3758.503
 3758.503
 3758.503
 3758.503
 3758.503
 3758.503
 3758.503
 3758.503
 3758.503
 3758.503
 3758.503
 3758.503
 3758.503
 3758.503
 3758.503
 3758.503
 3758.503
 3758.503
 3758.503
 3758.503
 3758.503
 3758.503
 3758.503
 3758.503
 3758.503
 3758.503
 3758.503
 3758.503
 3758.503
 3758.503
 3758.503
 3758.503
 3758.503
 3758.503
 3758.503
 3758.503
 3758.503
 3758.503
 3758.503
 3758.503
 3758.503
 3758.503
 3758.503
 3758.503
 3758.503
 3758.503
 3758.503
 3758.503
 3758.503
 3758.503
 3758.503
 3758.503
 3758.503
 3758.503
 3758.503
 3758.503
 3758.503
 3758.503
 3758.503
 3758.503
 3758.503
 3758.503
 3758.503
 3758.503
 3758.503
 3758.503
 3758.503
 3758.503
 3758.503
 3758.503
 3758.503
 3758.503
 3758.503
 3758.503
 3758.503
 3758.503
 3758.503
 3758.503
 3758.503
 3758.503
 3758.503
 3758.503
 3758.503
 3758.503
 3758.503
 3758.503
 3758.503
 3758.503
 3758.503
 3758.503
 3758.503
 3758.503
 3758.503
 3758.503
 3758.503
 3758.503
 3758.503
 3758.503
 3758.503
 3758.503
 3758.503
 3758.503
 3758.503
 3758.503
 3758.503
 3758.503
 3758.503
 3758.503
 3758.503
 3758.503
 3758.503
 3758.503
 3758.503
 3758.503
 3758.503
 3758.503
 3758.503
 3758.503
 3758.503
 3758.503
 3758.503
 3758.503
 3758.503
 3758.503
 3758.503
 3758.503
 3758.503
 3758.503
 3758.503
 3758.503
 3758.503
 3758.503
 3758.503
 3758.503
 3758.503
 3758.503
 3758.503
 3758.503
 3758.503
 3758.503
 3758.503
 3758.503
 3758.503
 3758.503
 3758.503
 3758.503
 3758.503
 3758.503
 3758.503
 3758.503
 3758.503
 3758.503
 3758.503
 3758.503
 3758.503
 3758.503
 3758.503
 3758.503
 3758.503
 3758.503
 3758.503
 3758.503
 3758.503
 3758.503
 3758.503
 3758.503
 3758.503
 3758.503
 3758.503
 3758.503
 3758.503
 3758.503
 3758.503
 3758.503
 3758.503
 3758.503
 3758.503
 3758.503
 3758.503
 3758.503
 3758.503
 3758.503
 3758.503
 3758.503
 3758.503
 3758.503
 3758.503
 3758.503
 3758.503
 3758.503
 3758.503
 3758.503
 3758.503
 3758.503
 3758.503
 3758.503
 3758.503
 3758.503
 3758.503
 3758.503
 3758.503
 3758.503
 3758.503
 3758.503
 3758.503
 3758.503
 3758.503
 3758.503
 3758.503
 3758.503
 3758.503
 3758.503
 3758.503
 3758.503
 3758.503
 3758.503
 3758.503
 3758.503
 3758.503
 3758.503
 3758.503
 3758.503
 3758.503
 3758.503
 3758.503
 3758.503
 3758.503
 3758.503
 3758.503
 3758.503
 3758.503
 3758.503
 3758.503
 3758.503
 3758.503
 3758.503
 3758.503
 3758.503
 3758.503
 3758.503
 3758.503
 3758.503
 3758.503
 3758.503
 3758.503
 3758.503
 3758.503
 3758.503
 3758.503
 3758.503
 3758.503
 3758.503
 3758.503
 3758.503
 3758.503
 3758.503
 3758.503
 3758.503
 3758.503
 3758.503
 3758.503
 3758.503
 3758.503
 3758.503
 3758.503
 3758.503
 3758.503
 3758.503
 3758.503
 3758.503
 3758.503
 3758.503
 3758.503
 3758.503
 3758.503
 3758.503
 3758.503
 3758.503
 3758.503
 3758.503
 3758.503
 3758.503
 3758.503
 3758.503
 3758.503
 3758.503
 3758.503
 3758.503
 3758.503
 3758.503
 3758.503
 3758.503
 3758.503
 3758.503
 3758.503
 3758.503
 3758.503
 3758.503
 3758.503
 3758.503
 3758.503
 3758.503
 3758.503
 3758.503
 3758.503
 3758.503
 3758.503
 3758.503
 3758.503
 3758.503
 3758.503
 3758.503
 3758.503
 3758.503
 3758.503
 3758.503
 3758.503
 3758.503
 3758.503
 3758.503
 3758.503
 3758.503
 3758.503
 3758.503
 3758.503
 3758.503
 3758.503
 3758.503
 3758.503
 3758.503
 3758.503
 3758.503
 3758.503
 3758.503
 3758.503
 3758.503
 3758.503
 3758.503
 3758.503
 3758.503
 3758.503
 3758.503
 3758.503
 3758.503
 3758.503
 3758.503
 3758.503
 3758.503
 3758.503
 3758.503
 3758.503
 3758.503
 3758.503
 3758.503
 3758.503
 3758.503
 3758.503
 3758.503
 3758.503
 3758.503
 3758.503
 3758.503
 3758.503
 3758.503
 3758.503
 3758.503
 3758.503
 3758.503
 3758.503
 3758.503
 3758.503
 3758.503
 3758.503
 3758.503
 3758.503
 3758.503
 3758.503
 3758.503
 3758.503
 3758.503
 3758.503
 3758.503
 3758.503
 3758.503
 3758.503
 3758.503
 3758.503
 3758.503
 3758.503
 3758.503
 3758.503
 3758.503
 3758.503
 3758.503
 3758.503
 3758.503
 3758.503
 3758.503
 3758.503
 3758.503
 3758.503
 3758.503
 3758.503
 3758.503
 3758.503
 3758.503
 3758.503
 3758.503
 3758.503
 3758.503
 3758.503
 3758.503
 3758.503
 3758.503
 3758.503
 3758.503
 3758.503
 3758.503
 3758.503
 3758.503
 3758.503
 3758.503
 3758.503
 3758.503
 3758.503
 3758.503
 3758.503
 3758.503
 3758.503
 3758.503
 3758.503
 3758.503
 3758.503
 3758.503
 3758.503
 3758.503
 3758.503
 3758.503
 3758.503
 3758.503
 3758.503
 3758.503
 3758.503
 3758.503
 3758.503
 3758.503
 3758.503
 3758.503
 3758.503
 3758.503
 3758.503
 3758.503
 3758.503
 3758.503
 3758.503
 3758.503
 3758.503
 3758.503
 3758.503
 3758.503
 3758.503
 3758.503
 3758.503
 3758.503
 3758.503
 3758.503
 3758.503
 3758.503
 3758.503
 3758.503
 3758.503
 3758.503
 3758.503
 3758.503
 3758.503
 3758.503
 3758.503
 3758.503
 3758.503
 3758.503
 3758.503
 3758.503
 3758.503
 3758.503
 3758.503
 3758.503
 3758.503
 3758.503
 3758.503
 3758.503
 3758.503
 3758.503
 3758.503
 3758.503
 3758.503
 3758.503
 3758.503
 3758.503
 3758.503
 3758.503
 3758.503
 3758.503
 3758.503
 3758.503
 3758.503
 3758.503
 3758.503
 3758.503
 3758.503
 3758.503
 3758.503
 3758.503
 3758.503
 3758.503
 3758.503
 3758.503
 3758.503
 3758.503
 3758.503
 3758.503
 3758.503
 3758.503
 3758.503
 3758.503
 3758.503
 3758.503
 3758.503
 3758.503
 3758.503
 3758.503
 3758.503
 3758.503
 3758.503
 3758.503
 3758.503
 3758.503
 3758.503
 3758.503
 3758.503
 3758.503
 3758.503
 3758.503
 3758.503
 3758.503
 3758.503
 3758.503
 3758.503
 3758.503
 3758.503
 3758.503
 3758.503
 3758.503
 3758.503
 3758.503
 3758.503
 3758.503
 3758.503
 3758.503
 3758.503
 3758.503
 3758.503
 3758.503
 3758.503
 3758.503
 3758.503
 3758.503
 3758.503
 3758.503
 3758.503
 3758.503
 3758.503
 3758.503
 3758.503
 3758.503
 3758.503
 3758.503
 3758.503
 3758.503
 3758.503
 3758.503
 3758.503
 3758.503
 3758.503
 3758.503
 3758.503
 3758.503
 3758.503
 3758.503
 3758.503
 3758.503
 3758.503
 3758.503
 3758.503
 3758.503
 3758.503
 3758.503
 3758.503
 3758.503
 3758.503
 3758.503
 3758.503
 3758.503
 3758.503
 3758.503
 3758.503
 3758.503
 3758.503
 3758.503
 3758.503
 3758.503
 3758.503
 3758.503
 3758.503
 3758.503
 3758.503
 3758.503
 3758.503
 3758.503
 3758.503
 3758.503
 3758.503
 3758.503
 3758.503
 3758.503
 3758.503
 3758.503
 3758.503
 3758.503
 3758.503
 3758.503
 3758.503
 3758.503
 3758.503
 3758.503
 3758.503
 3758.503
 3758.503
 3758.503
 3758.503
 3758.503
 3758.503
 3758.503
 3758.503
 3758.503
 3758.503
 3758.503
 3758.503
 3758.503
 3758.503
 3758.503
 3758.503
 3758.503
 3758.503
 3758.503
 3758.503
 3758.503
 3758.503
 3758.503
 3758.503
 3758.503
 3758.503
 3758.503
 3758.503
 3758.503
 3758.503
 3758.503
 3758.503
 3758.503
 3758.503
 3758.503
 3758.503
 3758.503
 3758.503
 3758.503
 3758.503
 3758.503
 3758.503
 3758.503
 3758.503
 3758.503
 3758.503
 3758.503
 3758.503
 3758.503
 3758.503
 3758.503
 3758.503
 3758.503
 3758.503
 3758.503
 3758.503
 3758.503
 3758.503
 3758.503
 3758.503
 3758.503
 3758.503
 3758.503
 3758.503
 3758.501
 3758.501
 3758.498
 3758.494
 3758.488
 3758.482
 3758.474
 3758.470
 3758.466
 3758.458
 3758.448
 3758.444
 3758.438
 3758.430
 3758.425
 3758.423
 3758.421
 3758.421
 3758.421
 3758.423
 3758.444
 3758.456
 3758.460
 3758.470
 3758.482
 3758.492
 3758.496
 3758.498
 3758.513
 3758.529
 3758.533
 3758.545
 3758.561
 3758.568
 3758.570
 3758.572
 3758.586
 3758.600
 3758.604
 3758.606
 3758.616
 3758.625
 3758.635
 3758.641
 3758.649
 3758.659
 3758.665
 3758.671
 3758.679
 3758.688
 3758.697
 3758.704
 3758.712
 3758.720
 3758.728
 3758.738
 3758.746
 3758.752
 3758.761
 3758.769
 3758.777
 3758.787
 3758.793
 3758.801
 3758.809
 3758.817
 3758.824
 3758.832
 3758.838
 3758.848
 3758.856
 3758.864
 3758.872
 3758.880
 3758.889
 3758.896
 3758.903
 3758.911
 3758.919
 3758.927
 3758.935
 3758.939
 3758.949
 3758.958
 3758.962
 3758.972
 3758.980
 3758.988
 3758.996
 3759.002
 3759.012
 3759.021
 3759.025
 3759.033
 3759.043
 3759.051
 3759.057
 3759.067
 3759.075
 3759.083
 3759.093
 3759.102
 3759.108
 3759.118
 3759.126
 3759.132
 3759.142
 3759.150
 3759.159
 3759.165
 3759.167
 3759.185
 3759.201
 3759.205
 3759.209
 3759.226
 3759.242
 3759.246
 3759.248
 3759.256
 3759.270
 3759.280
 3759.284
 3759.290
 3759.299
 3759.309
 3759.315
 3759.321
 3759.329
 3759.337
 3759.347
 3759.354
 3759.362
 3759.370
 3759.378
 3759.386
 3759.396
 3759.402
 3759.408
 3759.416
 3759.426
 3759.433
 3759.439
 3759.453
 3759.471
 3759.477
 3759.481
 3759.496
 3759.510
 3759.516
 3759.518
 3759.534
 3759.550
 3759.553
 3759.560
 3759.577
 3759.591
 3759.593
 3759.601
 3759.621
 3759.630
 3759.632
 3759.640
 3759.660
 3759.666
 3759.670
 3759.672
 3759.674
 3759.689
 3759.707
 3759.709
 3759.711
 3759.721
 3759.739
 3759.749
 3759.751
 3759.760
 3759.776
 3759.784
 3759.786
 3759.790
 3759.798
 3759.810
 3759.820
 3759.822
 3759.832
 3759.841
 3759.849
 3759.857
 3759.863
 3759.875
 3759.885
 3759.891
 3759.898
 3759.906
 3759.912
 3759.922
 3759.928
 3759.938
 3759.944
 3759.952
 3759.962
 3759.969
 3759.975
 3759.985
 3759.991
 3759.999
 3760.007
 3760.013
 3760.023
 3760.031
 3760.038
 3760.044
 3760.050
 3760.058
 3760.066
 3760.074
 3760.080
 3760.086
 3760.098
 3760.107
 3760.113
 3760.119
 3760.129
 3760.137
 3760.145
 3760.151
 3760.157
 3760.165
 3760.175
 3760.177
 3760.188
 3760.210
 3760.214
 3760.216
 3760.234
 3760.250
 3760.253
 3760.257
 3760.273
 3760.287
 3760.291
 3760.297
 3760.314
 3760.324
 3760.330
 3760.344
 3760.354
 3760.360
 3760.368
 3760.377
 3760.385
 3760.393
 3760.399
 3760.407
 3760.413
 3760.421
 3760.427
 3760.435
 3760.445
 3760.450
 3760.458
 3760.468
 3760.476
 3760.486
 3760.494
 3760.504
 3760.510
 3760.516
 3760.525
 3760.533
 3760.541
 3760.549
 3760.555
 3760.565
 3760.573
 3760.581
 3760.589
 3760.596
 3760.604
 3760.612
 3760.616
 3760.620
 3760.634
 3760.648
 3760.652
 3760.656
 3760.660
 3760.677
 3760.687
 3760.693
 3760.705
 3760.715
 3760.721
 3760.727
 3760.737
 3760.746
 3760.752
 3760.760
 3760.768
 3760.776
 3760.788
 3760.792
 3760.802
 3760.809
 3760.815
 3760.825
 3760.833
 3760.841
 3760.849
 3760.857
 3760.869
 3760.876
 3760.884
 3760.890
 3760.900
 3760.910
 3760.916
 3760.922
 3760.932
 3760.938
 3760.948
 3760.953
 3760.959
 3760.971
 3760.979
 3760.985
 3760.993
 3761.001
 3761.011
 3761.017
 3761.022
 3761.032
 3761.038
 3761.046
 3761.056
 3761.064
 3761.070
 3761.078
 3761.088
 3761.094
 3761.101
 3761.109
 3761.119
 3761.125
 3761.133
 3761.143
 3761.149
 3761.156
 3761.165
 3761.170
 3761.180
 3761.186
 3761.188
 3761.206
 3761.218
 3761.224
 3761.229
 3761.249
 3761.259
 3761.263
 3761.275
 3761.293
 3761.301
 3761.307
 3761.320
 3761.332
 3761.336
 3761.342
 3761.352
 3761.360
 3761.368
 3761.374
 3761.382
 3761.391
 3761.399
 3761.409
 3761.413
 3761.421
 3761.433
 3761.439
 3761.449
 3761.458
 3761.464
 3761.474
 3761.482
 3761.488
 3761.498
 3761.504
 3761.514
 3761.522
 3761.528
 3761.537
 3761.545
 3761.553
 3761.561
 3761.571
 3761.579
 3761.589
 3761.595
 3761.604
 3761.612
 3761.620
 3761.626
 3761.634
 3761.644
 3761.652
 3761.658
 3761.668
 3761.676
 3761.683
 3761.691
 3761.697
 3761.707
 3761.717
 3761.721
 3761.729
 3761.739
 3761.747
 3761.754
 3761.760
 3761.768
 3761.778
 3761.786
 3761.794
 3761.804
 3761.822
 3761.827
 3761.833
 3761.837
 3761.849
 3761.863
 3761.867
 3761.875
 3761.883
 3761.891
 3761.901
 3761.908
 3761.914
 3761.920
 3761.930
 3761.940
 3761.948
 3761.958
 3761.964
 3761.972
 3761.983
 3761.991
 3762.001
 3762.007
 3762.015
 3762.025
 3762.029
 3762.039
 3762.051
 3762.061
 3762.064
 3762.074
 3762.086
 3762.096
 3762.104
 3762.114
 3762.124
 3762.132
 3762.139
 3762.149
 3762.157
 3762.165
 3762.173
 3762.179
 3762.189
 3762.197
 3762.203
 3762.214
 3762.224
 3762.232
 3762.240
 3762.250
 3762.258
 3762.266
 3762.274
 3762.283
 3762.290
 3762.299
 3762.307
 3762.313
 3762.323
 3762.331
 3762.339
 3762.347
 3762.354
 3762.363
 3762.368
 3762.380
 3762.390
 3762.396
 3762.402
 3762.412
 3762.422
 3762.428
 3762.436
 3762.445
 3762.455
 3762.463
 3762.469
 3762.477
 3762.487
 3762.495
 3762.505
 3762.512
 3762.521
 3762.530
 3762.536
 3762.546
 3762.556
 3762.562
 3762.568
 3762.576
 3762.588
 3762.597
 3762.605
 3762.615
 3762.625
 3762.633
 3762.641
 3762.649
 3762.659
 3762.665
 3762.671
 3762.680
 3762.688
 3762.696
 3762.704
 3762.716
 3762.726
 3762.734
 3762.742
 3762.750
 3762.760
 3762.767
 3762.775
 3762.781
 3762.791
 3762.801
 3762.811
 3762.819
 3762.829
 3762.836
 3762.844
 3762.852
 3762.862
 3762.870
 3762.876
 3762.888
 3762.896
 3762.900
 3762.909
 3762.919
 3762.929
 3762.935
 3762.945
 3762.955
 3762.963
 3762.973
 3762.981
 3762.990
 3762.996
 3763.006
 3763.014
 3763.022
 3763.032
 3763.040
 3763.050
 3763.060
 3763.068
 3763.075
 3763.083
 3763.093
 3763.101
 3763.109
 3763.117
 3763.127
 3763.133
 3763.141
 3763.149
 3763.156
 3763.168
 3763.172
 3763.182
 3763.188
 3763.198
 3763.206
 3763.212
 3763.224
 3763.231
 3763.238
 3763.247
 3763.255
 3763.263
 3763.271
 3763.277
 3763.283
 3763.295
 3763.303
 3763.309
 3763.314
 3763.323
 3763.334
 3763.340
 3763.348
 3763.356
 3763.366
 3763.372
 3763.378
 3763.386
 3763.397
 3763.404
 3763.409
 3763.417
 3763.425
 3763.435
 3763.441
 3763.449
 3763.459
 3763.467
 3763.475
 3763.480
 3763.489
 3763.500
 3763.506
 3763.510
 3763.520
 3763.528
 3763.538
 3763.542
 3763.550
 3763.562
 3763.568
 3763.577
 3763.583
 3763.591
 3763.599
 3763.609
 3763.617
 3763.623
 3763.633
 3763.639
 3763.648
 3763.655
 3763.662
 3763.672
 3763.678
 3763.688
 3763.696
 3763.704
 3763.712
 3763.714
 3763.722
 3763.738
 3763.745
 3763.749
 3763.767
 3763.781
 3763.783
 3763.785
 3763.797
 3763.813
 3763.817
 3763.828
 3763.846
 3763.852
 3763.854
 3763.860
 3763.876
 3763.886
 3763.890
 3763.896
 3763.904
 3763.911
 3763.921
 3763.927
 3763.935
 3763.941
 3763.949
 3763.957
 3763.965
 3763.971
 3763.981
 3763.989
 3763.997
 3764.006
 3764.012
 3764.018
 3764.028
 3764.036
 3764.046
 3764.052
 3764.062
 3764.070
 3764.078
 3764.085
 3764.093
 3764.099
 3764.107
 3764.115
 3764.123
 3764.131
 3764.139
 3764.149
 3764.159
 3764.165
 3764.177
 3764.180
 3764.188
 3764.198
 3764.204
 3764.214
 3764.220
 3764.230
 3764.246
 3764.251
 3764.256
 3764.275
 3764.287
 3764.289
 3764.293
 3764.307
 3764.319
 3764.323
 3764.337
 3764.350
 3764.354
 3764.358
 3764.366
 3764.378
 3764.386
 3764.392
 3764.402
 3764.412
 3764.420
 3764.424
 3764.434
 3764.443
 3764.449
 3764.457
 3764.467
 3764.475
 3764.485
 3764.493
 3764.499
 3764.511
 3764.517
 3764.522
 3764.532
 3764.538
 3764.548
 3764.554
 3764.560
 3764.570
 3764.578
 3764.584
 3764.594
 3764.602
 3764.612
 3764.621
 3764.627
 3764.635
 3764.645
 3764.651
 3764.659
 3764.667
 3764.675
 3764.681
 3764.691
 3764.698
 3764.707
 3764.712
 3764.724
 3764.726
 3764.732
 3764.748
 3764.758
 3764.762
 3764.782
 3764.793
 3764.796
 3764.798
 3764.805
 3764.825
 3764.831
 3764.833
 3764.841
 3764.851
 3764.861
 3764.865
 3764.873
 3764.879
 3764.891
 3764.895
 3764.896
 3764.914
 3764.928
 3764.932
 3764.934
 3764.944
 3764.960
 3764.966
 3764.968
 3764.976
 3764.986
 3764.993
 3764.999
 3765.009
 3765.031
 3765.035
 3765.037
 3765.039
 3765.057
 3765.069
 3765.071
 3765.077
 3765.086
 3765.098
 3765.104
 3765.110
 3765.118
 3765.130
 3765.136
 3765.144
 3765.150
 3765.158
 3765.168
 3765.176
 3765.186
 3765.191
 3765.197
 3765.207
 3765.217
 3765.223
 3765.231
 3765.237
 3765.249
 3765.257
 3765.263
 3765.272
 3765.279
 3765.286
 3765.296
 3765.304
 3765.312
 3765.320
 3765.330
 3765.338
 3765.344
 3765.354
 3765.362
 3765.364
 3765.375
 3765.383
 3765.391
 3765.397
 3765.407
 3765.419
 3765.427
 3765.435
 3765.441
 3765.451
 3765.461
 3765.467
 3765.472
 3765.482
 3765.488
 3765.498
 3765.506
 3765.514
 3765.526
 3765.532
 3765.542
 3765.550
 3765.556
 3765.566
 3765.572
 3765.577
 3765.587
 3765.593
 3765.599
 3765.607
 3765.615
 3765.625
 3765.635
 3765.641
 3765.647
 3765.657
 3765.667
 3765.675
 3765.678
 3765.694
 3765.704
 3765.706
 3765.712
 3765.726
 3765.736
 3765.740
 3765.750
 3765.770
 3765.775
 3765.778
 3765.783
 3765.801
 3765.811
 3765.817
 3765.833
 3765.843
 3765.847
 3765.861
 3765.873
 3765.876
 3765.878
 3765.890
 3765.902
 3765.908
 3765.922
 3765.936
 3765.942
 3765.952
 3765.968
 3765.974
 3765.976
 3765.986
 3765.995
 3766.003
 3766.013
 3766.027
 3766.039
 3766.045
 3766.049
 3766.059
 3766.071
 3766.077
 3766.081
 3766.094
 3766.102
 3766.110
 3766.116
 3766.124
 3766.130
 3766.140
 3766.146
 3766.154
 3766.164
 3766.170
 3766.176
 3766.186
 3766.194
 3766.203
 3766.209
 3766.219
 3766.227
 3766.235
 3766.243
 3766.249
 3766.261
 3766.271
 3766.275
 3766.283
 3766.291
 3766.301
 3766.308
 3766.316
 3766.322
 3766.330
 3766.340
 3766.348
 3766.354
 3766.362
 3766.372
 3766.378
 3766.386
 3766.396
 3766.404
 3766.414
 3766.419
 3766.427
 3766.437
 3766.443
 3766.451
 3766.457
 3766.463
 3766.475
 3766.481
 3766.487
 3766.497
 3766.503
 3766.513
 3766.521
 3766.529
 3766.538
 3766.546
 3766.554
 3766.562
 3766.572
 3766.580
 3766.586
 3766.592
 3766.602
 3766.610
 3766.618
 3766.624
 3766.632
 3766.642
 3766.649
 3766.655
 3766.663
 3766.671
 3766.679
 3766.689
 3766.695
 3766.703
 3766.713
 3766.717
 3766.729
 3766.737
 3766.745
 3766.752
 3766.760
 3766.771
 3766.778
 3766.784
 3766.794
 3766.802
 3766.812
 3766.818
 3766.826
 3766.836
 3766.840
 3766.850
 3766.860
 3766.865
 3766.874
 3766.884
 3766.889
 3766.899
 3766.905
 3766.913
 3766.921
 3766.927
 3766.937
 3766.945
 3766.951
 3766.963
 3766.971
 3766.981
 3766.989
 3766.995
 3767.002
 3767.008
 3767.018
 3767.028
 3767.032
 3767.042
 3767.052
 3767.060
 3767.068
 3767.076
 3767.084
 3767.092
 3767.100
 3767.110
 3767.115
 3767.119
 3767.129
 3767.137
 3767.145
 3767.153
 3767.163
 3767.173
 3767.179
 3767.185
 3767.195
 3767.203
 3767.211
 3767.217
 3767.223
 3767.233
 3767.240
 3767.249
 3767.256
 3767.262
 3767.268
 3767.282
 3767.288
 3767.294
 3767.304
 3767.312
 3767.322
 3767.328
 3767.338
 3767.346
 3767.354
 3767.364
 3767.369
 3767.377
 3767.387
 3767.395
 3767.405
 3767.411
 3767.417
 3767.427
 3767.433
 3767.441
 3767.451
 3767.457
 3767.463
 3767.471
 3767.479
 3767.489
 3767.497
 3767.500
 3767.510
 3767.518
 3767.526
 3767.532
 3767.536
 3767.544
 3767.556
 3767.562
 3767.572
 3767.580
 3767.588
 3767.598
 3767.602
 3767.612
 3767.620
 3767.627
 3767.635
 3767.641
 3767.649
 3767.659
 3767.669
 3767.673
 3767.681
 3767.693
 3767.701
 3767.705
 3767.711
 3767.729
 3767.735
 3767.737
 3767.743
 3767.755
 3767.765
 3767.771
 3767.776
 3767.798
 3767.802
 3767.814
 3767.832
 3767.834
 3767.838
 3767.848
 3767.860
 3767.868
 3767.874
 3767.880
 3767.892
 3767.898
 3767.906
 3767.914
 3767.921
 3767.931
 3767.939
 3767.947
 3767.963
 3767.973
 3767.977
 3767.995
 3768.005
 3768.009
 3768.013
 3768.021
 3768.033
 3768.041
 3768.045
 3768.059
 3768.074
 3768.080
 3768.084
 3768.094
 3768.110
 3768.114
 3768.128
 3768.142
 3768.146
 3768.150
 3768.160
 3768.170
 3768.178
 3768.184
 3768.194
 3768.201
 3768.209
 3768.215
 3768.219
 3768.229
 3768.239
 3768.243
 3768.253
 3768.259
 3768.267
 3768.275
 3768.279
 3768.295
 3768.311
 3768.313
 3768.317
 3768.325
 3768.337
 3768.345
 3768.351
 3768.359
 3768.366
 3768.375
 3768.382
 3768.396
 3768.410
 3768.416
 3768.420
 3768.430
 3768.440
 3768.448
 3768.456
 3768.470
 3768.478
 3768.480
 3768.490
 3768.508
 3768.514
 3768.523
 3768.539
 3768.545
 3768.549
 3768.557
 3768.569
 3768.577
 3768.585
 3768.593
 3768.597
 3768.609
 3768.615
 3768.619
 3768.631
 3768.641
 3768.649
 3768.651
 3768.653
 3768.673
 3768.685
 3768.687
 3768.690
 3768.698
 3768.710
 3768.718
 3768.722
 3768.724
 3768.738
 3768.752
 3768.756
 3768.762
 3768.770
 3768.782
 3768.788
 3768.804
 3768.818
 3768.820
 3768.828
 3768.848
 3768.855
 3768.858
 3768.862
 3768.874
 3768.885
 3768.891
 3768.903
 3768.919
 3768.923
 3768.925
 3768.935
 3768.951
 3768.957
 3768.967
 3768.987
 3768.989
 3768.991
 3769.003
 3769.023
 3769.025
 3769.031
 3769.041
 3769.052
 3769.059
 3769.061
 3769.064
 3769.078
 3769.092
 3769.094
 3769.100
 3769.112
 3769.122
 3769.128
 3769.130
 3769.144
 3769.158
 3769.160
 3769.172
 3769.188
 3769.196
 3769.198
 3769.204
 3769.220
 3769.228
 3769.232
 3769.248
 3769.261
 3769.263
 3769.270
 3769.281
 3769.291
 3769.297
 3769.301
 3769.315
 3769.323
 3769.329
 3769.333
 3769.343
 3769.351
 3769.359
 3769.365
 3769.375
 3769.385
 3769.393
 3769.403
 3769.409
 3769.417
 3769.427
 3769.431
 3769.441
 3769.448
 3769.455
 3769.465
 3769.470
 3769.482
 3769.489
 3769.494
 3769.504
 3769.512
 3769.520
 3769.526
 3769.534
 3769.542
 3769.550
 3769.556
 3769.566
 3769.572
 3769.588
 3769.600
 3769.604
 3769.612
 3769.622
 3769.632
 3769.638
 3769.646
 3769.656
 3769.662
 3769.670
 3769.676
 3769.686
 3769.696
 3769.701
 3769.709
 3769.718
 3769.725
 3769.735
 3769.741
 3769.747
 3769.759
 3769.767
 3769.771
 3769.783
 3769.789
 3769.797
 3769.805
 3769.807
 3769.821
 3769.835
 3769.839
 3769.847
 3769.867
 3769.873
 3769.877
 3769.885
 3769.895
 3769.901
 3769.909
 3769.913
 3769.923
 3769.933
 3769.939
 3769.945
 3769.957
 3769.962
 3769.970
 3769.977
 3769.984
 3769.996
 3770.002
 3770.006
 3770.018
 3770.028
 3770.032
 3770.040
 3770.048
 3770.058
 3770.064
 3770.074
 3770.082
 3770.084
 3770.096
 3770.106
 3770.108
 3770.120
 3770.130
 3770.138
 3770.146
 3770.154
 3770.162
 3770.168
 3770.178
 3770.186
 3770.194
 3770.202
 3770.210
 3770.220
 3770.226
 3770.234
 3770.242
 3770.251
 3770.258
 3770.268
 3770.273
 3770.280
 3770.290
 3770.297
 3770.303
 3770.313
 3770.319
 3770.329
 3770.337
 3770.345
 3770.355
 3770.361
 3770.369
 3770.377
 3770.383
 3770.393
 3770.399
 3770.407
 3770.415
 3770.421
 3770.429
 3770.439
 3770.445
 3770.453
 3770.463
 3770.469
 3770.479
 3770.483
 3770.491
 3770.501
 3770.509
 3770.517
 3770.523
 3770.533
 3770.541
 3770.549
 3770.555
 3770.563
 3770.571
 3770.581
 3770.589
 3770.595
 3770.607
 3770.613
 3770.621
 3770.629
 3770.635
 3770.643
 3770.651
 3770.655
 3770.663
 3770.673
 3770.680
 3770.690
 3770.697
 3770.707
 3770.712
 3770.722
 3770.728
 3770.738
 3770.746
 3770.756
 3770.764
 3770.770
 3770.780
 3770.786
 3770.790
 3770.800
 3770.808
 3770.814
 3770.822
 3770.828
 3770.836
 3770.848
 3770.854
 3770.862
 3770.868
 3770.876
 3770.886
 3770.894
 3770.900
 3770.908
 3770.914
 3770.924
 3770.932
 3770.938
 3770.948
 3770.956
 3770.962
 3770.974
 3770.982
 3770.990
 3770.996
 3771.004
 3771.014
 3771.020
 3771.026
 3771.032
 3771.042
 3771.050
 3771.060
 3771.066
 3771.076
 3771.084
 3771.090
 3771.100
 3771.104
 3771.110
 3771.122
 3771.128
 3771.134
 3771.144
 3771.150
 3771.158
 3771.166
 3771.170
 3771.180
 3771.190
 3771.194
 3771.202
 3771.210
 3771.218
 3771.228
 3771.236
 3771.244
 3771.254
 3771.262
 3771.270
 3771.278
 3771.284
 3771.292
 3771.300
 3771.308
 3771.318
 3771.326
 3771.333
 3771.340
 3771.345
 3771.358
 3771.364
 3771.372
 3771.377
 3771.385
 3771.394
 3771.404
 3771.409
 3771.417
 3771.424
 3771.431
 3771.439
 3771.446
 3771.454
 3771.466
 3771.469
 3771.471
 3771.483
 3771.496
 3771.500
 3771.505
 3771.511
 3771.520
 3771.531
 3771.535
 3771.543
 3771.553
 3771.560
 3771.567
 3771.575
 3771.583
 3771.594
 3771.599
 3771.607
 3771.615
 3771.624
 3771.634
 3771.639
 3771.646
 3771.661
 3771.671
 3771.679
 3771.686
 3771.698
 3771.701
 3771.709
 3771.718
 3771.728
 3771.736
 3771.743
 3771.751
 3771.761
 3771.770
 3771.775
 3771.785
 3771.792
 3771.800
 3771.808
 3771.813
 3771.825
 3771.833
 3771.840
 3771.845
 3771.854
 3771.864
 3771.872
 3771.878
 3771.890
 3771.897
 3771.906
 3771.914
 3771.924
 3771.932
 3771.938
 3771.946
 3771.956
 3771.962
 3771.970
 3771.978
 3771.986
 3771.996
 3772.002
 3772.010
 3772.020
 3772.022
 3772.032
 3772.048
 3772.054
 3772.056
 3772.060
 3772.080
 3772.086
 3772.088
 3772.094
 3772.112
 3772.118
 3772.122
 3772.130
 3772.142
 3772.148
 3772.156
 3772.164
 3772.172
 3772.178
 3772.186
 3772.192
 3772.202
 3772.210
 3772.216
 3772.226
 3772.234
 3772.242
 3772.250
 3772.260
 3772.266
 3772.274
 3772.284
 3772.294
 3772.300
 3772.312
 3772.320
 3772.324
 3772.330
 3772.348
 3772.356
 3772.364
 3772.382
 3772.388
 3772.394
 3772.404
 3772.414
 3772.422
 3772.430
 3772.440
 3772.448
 3772.454
 3772.462
 3772.470
 3772.480
 3772.489
 3772.494
 3772.507
 3772.514
 3772.521
 3772.531
 3772.537
 3772.547
 3772.557
 3772.565
 3772.573
 3772.581
 3772.589
 3772.599
 3772.607
 3772.613
 3772.621
 3772.629
 3772.637
 3772.645
 3772.655
 3772.663
 3772.671
 3772.681
 3772.689
 3772.697
 3772.705
 3772.709
 3772.721
 3772.727
 3772.737
 3772.747
 3772.755
 3772.761
 3772.771
 3772.779
 3772.789
 3772.797
 3772.807
 3772.815
 3772.821
 3772.833
 3772.839
 3772.847
 3772.857
 3772.864
 3772.872
 3772.880
 3772.885
 3772.896
 3772.902
 3772.912
 3772.920
 3772.928
 3772.938
 3772.944
 3772.952
 3772.960
 3772.968
 3772.976
 3772.982
 3772.990
 3773.000
 3773.006
 3773.012
 3773.024
 3773.030
 3773.038
 3773.046
 3773.048
 3773.050
 3773.070
 3773.078
 3773.080
 3773.082
 3773.096
 3773.110
 3773.113
 3773.115
 3773.131
 3773.141
 3773.145
 3773.153
 3773.163
 3773.173
 3773.177
 3773.185
 3773.195
 3773.203
 3773.209
 3773.217
 3773.225
 3773.233
 3773.241
 3773.247
 3773.255
 3773.263
 3773.271
 3773.281
 3773.287
 3773.297
 3773.305
 3773.311
 3773.319
 3773.327
 3773.333
 3773.344
 3773.352
 3773.355
 3773.370
 3773.376
 3773.386
 3773.392
 3773.394
 3773.412
 3773.422
 3773.424
 3773.426
 3773.442
 3773.452
 3773.456
 3773.464
 3773.476
 3773.484
 3773.490
 3773.498
 3773.506
 3773.516
 3773.522
 3773.528
 3773.539
 3773.544
 3773.552
 3773.563
 3773.569
 3773.585
 3773.591
 3773.597
 3773.599
 3773.615
 3773.627
 3773.631
 3773.645
 3773.655
 3773.659
 3773.667
 3773.673
 3773.685
 3773.693
 3773.699
 3773.709
 3773.716
 3773.724
 3773.732
 3773.738
 3773.750
 3773.758
 3773.764
 3773.772
 3773.782
 3773.788
 3773.798
 3773.806
 3773.814
 3773.822
 3773.830
 3773.840
 3773.848
 3773.856
 3773.863
 3773.871
 3773.878
 3773.886
 3773.893
 3773.903
 3773.907
 3773.917
 3773.929
 3773.933
 3773.937
 3773.951
 3773.961
 3773.967
 3773.973
 3773.981
 3773.991
 3773.997
 3774.005
 3774.013
 3774.021
 3774.030
 3774.038
 3774.046
 3774.054
 3774.060
 3774.068
 3774.076
 3774.078
 3774.086
 3774.104
 3774.106
 3774.114
 3774.124
 3774.134
 3774.140
 3774.146
 3774.156
 3774.165
 3774.171
 3774.181
 3774.189
 3774.199
 3774.205
 3774.211
 3774.225
 3774.231
 3774.237
 3774.247
 3774.253
 3774.265
 3774.273
 3774.280
 3774.290
 3774.298
 3774.304
 3774.312
 3774.320
 3774.326
 3774.336
 3774.344
 3774.352
 3774.360
 3774.368
 3774.376
 3774.384
 3774.395
 3774.398
 3774.408
 3774.417
 3774.423
 3774.435
 3774.441
 3774.447
 3774.455
 3774.463
 3774.471
 3774.481
 3774.487
 3774.493
 3774.501
 3774.510
 3774.515
 3774.526
 3774.530
 3774.540
 3774.548
 3774.554
 3774.564
 3774.570
 3774.580
 3774.588
 3774.596
 3774.602
 3774.612
 3774.618
 3774.628
 3774.635
 3774.643
 3774.653
 3774.659
 3774.665
 3774.675
 3774.681
 3774.687
 3774.697
 3774.701
 3774.707
 3774.723
 3774.725
 3774.729
 3774.748
 3774.754
 3774.760
 3774.766
 3774.776
 3774.786
 3774.790
 3774.802
 3774.808
 3774.816
 3774.826
 3774.834
 3774.841
 3774.849
 3774.857
 3774.867
 3774.873
 3774.879
 3774.887
 3774.895
 3774.901
 3774.913
 3774.919
 3774.927
 3774.938
 3774.940
 3774.942
 3774.960
 3774.966
 3774.972
 3774.980
 3774.988
 3774.996
 3775.004
 3775.008
 3775.019
 3775.027
 3775.035
 3775.045
 3775.051
 3775.061
 3775.069
 3775.077
 3775.085
 3775.093
 3775.099
 3775.107
 3775.114
 3775.120
 3775.130
 3775.134
 3775.146
 3775.152
 3775.160
 3775.170
 3775.176
 3775.187
 3775.195
 3775.203
 3775.211
 3775.217
 3775.223
 3775.235
 3775.241
 3775.247
 3775.257
 3775.265
 3775.275
 3775.281
 3775.292
 3775.300
 3775.308
 3775.316
 3775.326
 3775.332
 3775.340
 3775.348
 3775.356
 3775.365
 3775.373
 3775.381
 3775.391
 3775.399
 3775.409
 3775.415
 3775.421
 3775.431
 3775.439
 3775.448
 3775.456
 3775.462
 3775.474
 3775.480
 3775.490
 3775.496
 3775.504
 3775.514
 3775.521
 3775.531
 3775.539
 3775.545
 3775.553
 3775.563
 3775.567
 3775.577
 3775.585
 3775.592
 3775.600
 3775.610
 3775.616
 3775.626
 3775.630
 3775.638
 3775.650
 3775.656
 3775.665
 3775.673
 3775.679
 3775.687
 3775.697
 3775.705
 3775.713
 3775.717
 3775.725
 3775.733
 3775.740
 3775.750
 3775.758
 3775.762
 3775.770
 3775.778
 3775.786
 3775.794
 3775.801
 3775.807
 3775.819
 3775.825
 3775.833
 3775.839
 3775.845
 3775.855
 3775.861
 3775.869
 3775.878
 3775.884
 3775.892
 3775.898
 3775.908
 3775.912
 3775.922
 3775.932
 3775.938
 3775.949
 3775.957
 3775.961
 3775.969
 3775.977
 3775.983
 3775.998
 3776.001
 3776.010
 3776.018
 3776.024
 3776.034
 3776.042
 3776.050
 3776.058
 3776.064
 3776.071
 3776.079
 3776.085
 3776.093
 3776.105
 3776.109
 3776.117
 3776.127
 3776.136
 3776.144
 3776.150
 3776.158
 3776.166
 3776.170
 3776.178
 3776.193
 3776.197
 3776.199
 3776.211
 3776.221
 3776.223
 3776.227
 3776.243
 3776.251
 3776.258
 3776.266
 3776.276
 3776.282
 3776.288
 3776.300
 3776.304
 3776.315
 3776.325
 3776.327
 3776.343
 3776.349
 3776.351
 3776.364
 3776.372
 3776.378
 3776.386
 3776.396
 3776.404
 3776.410
 3776.418
 3776.431
 3776.435
 3776.443
 3776.451
 3776.459
 3776.469
 3776.478
 3776.486
 3776.492
 3776.500
 3776.506
 3776.516
 3776.518
 3776.529
 3776.543
 3776.545
 3776.553
 3776.561
 3776.569
 3776.579
 3776.585
 3776.594
 3776.602
 3776.610
 3776.620
 3776.624
 3776.632
 3776.643
 3776.647
 3776.655
 3776.665
 3776.671
 3776.677
 3776.688
 3776.694
 3776.700
 3776.708
 3776.716
 3776.724
 3776.732
 3776.740
 3776.749
 3776.759
 3776.763
 3776.773
 3776.779
 3776.781
 3776.798
 3776.808
 3776.812
 3776.818
 3776.828
 3776.838
 3776.851
 3776.865
 3776.871
 3776.885
 3776.892
 3776.896
 3776.908
 3776.916
 3776.920
 3776.930
 3776.940
 3776.949
 3776.953
 3776.963
 3776.975
 3776.979
 3776.985
 3776.996
 3777.002
 3777.012
 3777.018
 3777.026
 3777.039
 3777.041
 3777.053
 3777.063
 3777.067
 3777.073
 3777.086
 3777.092
 3777.098
 3777.106
 3777.114
 3777.125
 3777.129
 3777.135
 3777.147
 3777.153
 3777.155
 3777.174
 3777.180
 3777.182
 3777.192
 3777.200
 3777.210
 3777.214
 3777.225
 3777.235
 3777.237
 3777.247
 3777.255
 3777.264
 3777.274
 3777.278
 3777.286
 3777.294
 3777.302
 3777.319
 3777.327
 3777.329
 3777.335
 3777.352
 3777.354
 3777.364
 3777.372
 3777.380
 3777.388
 3777.397
 3777.407
 3777.415
 3777.423
 3777.429
 3777.438
 3777.448
 3777.456
 3777.464
 3777.470
 3777.481
 3777.489
 3777.497
 3777.505
 3777.511
 3777.520
 3777.526
 3777.536
 3777.544
 3777.550
 3777.561
 3777.565
 3777.569
 3777.583
 3777.589
 3777.594
 3777.606
 3777.614
 3777.622
 3777.628
 3777.639
 3777.647
 3777.655
 3777.663
 3777.671
 3777.680
 3777.686
 3777.694
 3777.700
 3777.708
 3777.715
 3777.723
 3777.733
 3777.739
 3777.745
 3777.754
 3777.762
 3777.772
 3777.778
 3777.786
 3777.793
 3777.803
 3777.807
 3777.817
 3777.825
 3777.828
 3777.844
 3777.852
 3777.863
 3777.877
 3777.881
 3777.891
 3777.899
 3777.908
 3777.916
 3777.922
 3777.930
 3777.938
 3777.947
 3777.955
 3777.965
 3777.971
 3777.982
 3777.988
 3777.998
 3778.004
 3778.013
 3778.023
 3778.029
 3778.033
 3778.046
 3778.050
 3778.058
 3778.068
 3778.070
 3778.081
 3778.095
 3778.097
 3778.107
 3778.118
 3778.122
 3778.128
 3778.136
 3778.145
 3778.153
 3778.161
 3778.169
 3778.177
 3778.184
 3778.190
 3778.198
 3778.206
 3778.214
 3778.223
 3778.229
 3778.237
 3778.243
 3778.250
 3778.260
 3778.266
 3778.274
 3778.285
 3778.293
 3778.299
 3778.307
 3778.313
 3778.322
 3778.332
 3778.338
 3778.346
 3778.353
 3778.361
 3778.371
 3778.375
 3778.386
 3778.398
 3778.402
 3778.413
 3778.421
 3778.425
 3778.437
 3778.444
 3778.454
 3778.460
 3778.468
 3778.477
 3778.485
 3778.491
 3778.499
 3778.510
 3778.516
 3778.524
 3778.530
 3778.536
 3778.547
 3778.553
 3778.563
 3778.572
 3778.576
 3778.586
 3778.592
 3778.598
 3778.607
 3778.615
 3778.621
 3778.632
 3778.638
 3778.646
 3778.656
 3778.663
 3778.673
 3778.681
 3778.688
 3778.694
 3778.704
 3778.708
 3778.719
 3778.727
 3778.733
 3778.743
 3778.750
 3778.758
 3778.768
 3778.774
 3778.781
 3778.791
 3778.797
 3778.808
 3778.814
 3778.824
 3778.833
 3778.839
 3778.845
 3778.855
 3778.861
 3778.870
 3778.878
 3778.884
 3778.888
 3778.905
 3778.909
 3778.911
 3778.924
 3778.934
 3778.938
 3778.948
 3778.955
 3778.963
 3778.969
 3778.978
 3778.988
 3778.994
 3779.002
 3779.011
 3779.019
 3779.025
 3779.034
 3779.042
 3779.050
 3779.061
 3779.067
 3779.075
 3779.082
 3779.086
 3779.098
 3779.104
 3779.113
 3779.123
 3779.127
 3779.133
 3779.146
 3779.150
 3779.160
 3779.173
 3779.175
 3779.181
 3779.194
 3779.200
 3779.208
 3779.214
 3779.223
 3779.233
 3779.237
 3779.246
 3779.254
 3779.260
 3779.271
 3779.279
 3779.285
 3779.293
 3779.300
 3779.308
 3779.316
 3779.323
 3779.331
 3779.339
 3779.346
 3779.354
 3779.362
 3779.369
 3779.377
 3779.387
 3779.396
 3779.402
 3779.410
 3779.417
 3779.427
 3779.437
 3779.439
 3779.454
 3779.458
 3779.467
 3779.477
 3779.491
 3779.504
 3779.514
 3779.527
 3779.531
 3779.540
 3779.548
 3779.556
 3779.565
 3779.573
 3779.581
 3779.590
 3779.596
 3779.602
 3779.613
 3779.619
 3779.627
 3779.636
 3779.642
 3779.648
 3779.656
 3779.663
 3779.671
 3779.682
 3779.684
 3779.694
 3779.705
 3779.711
 3779.719
 3779.728
 3779.734
 3779.740
 3779.749
 3779.755
 3779.763
 3779.771
 3779.780
 3779.788
 3779.792
 3779.801
 3779.816
 3779.820
 3779.824
 3779.834
 3779.841
 3779.843
 3779.857
 3779.868
 3779.870
 3779.883
 3779.891
 3779.897
 3779.904
 3779.910
 3779.920
 3779.929
 3779.937
 3779.943
 3779.950
 3779.952
 3779.964
 3779.977
 3779.979
 3779.992
 3779.998
 3780.004
 3780.013
 3780.019
 3780.031
 3780.038
 3780.042
 3780.052
 3780.061
 3780.067
 3780.076
 3780.082
 3780.090
 3780.097
 3780.105
 3780.114
 3780.120
 3780.130
 3780.137
 3780.147
 3780.154
 3780.160
 3780.168
 3780.177
 3780.183
 3780.193
 3780.198
 3780.200
 3780.212
 3780.223
 3780.229
 3780.238
 3780.246
 3780.254
 3780.261
 3780.267
 3780.276
 3780.284
 3780.290
 3780.299
 3780.305
 3780.311
 3780.320
 3780.330
 3780.334
 3780.345
 3780.351
 3780.358
 3780.368
 3780.375
 3780.381
 3780.389
 3780.398
 3780.402
 3780.410
 3780.419
 3780.427
 3780.436
 3780.444
 3780.451
 3780.457
 3780.465
 3780.474
 3780.482
 3780.489
 3780.491
 3780.503
 3780.512
 3780.518
 3780.529
 3780.533
 3780.542
 3780.550
 3780.552
 3780.565
 3780.577
 3780.580
 3780.586
 3780.599
 3780.605
 3780.613
 3780.620
 3780.630
 3780.637
 3780.647
 3780.654
 3780.662
 3780.671
 3780.673
 3780.683
 3780.692
 3780.698
 3780.709
 3780.715
 3780.724
 3780.732
 3780.740
 3780.747
 3780.758
 3780.764
 3780.772
 3780.781
 3780.787
 3780.796
 3780.804
 3780.811
 3780.821
 3780.828
 3780.834
 3780.842
 3780.849
 3780.857
 3780.866
 3780.874
 3780.881
 3780.891
 3780.898
 3780.908
 3780.915
 3780.923
 3780.929
 3780.938
 3780.944
 3780.955
 3780.964
 3780.970
 3780.979
 3780.985
 3780.996
 3781.002
 3781.010
 3781.019
 3781.027
 3781.034
 3781.040
 3781.051
 3781.055
 3781.064
 3781.076
 3781.081
 3781.089
 3781.098
 3781.104
 3781.113
 3781.121
 3781.130
 3781.138
 3781.145
 3781.156
 3781.160
 3781.168
 3781.181
 3781.188
 3781.192
 3781.205
 3781.211
 3781.215
 3781.224
 3781.234
 3781.239
 3781.247
 3781.256
 3781.260
 3781.269
 3781.279
 3781.286
 3781.294
 3781.303
 3781.307
 3781.320
 3781.329
 3781.335
 3781.344
 3781.350
 3781.359
 3781.367
 3781.372
 3781.380
 3781.389
 3781.397
 3781.404
 3781.412
 3781.419
 3781.427
 3781.438
 3781.442
 3781.453
 3781.459
 3781.464
 3781.479
 3781.483
 3781.492
 3781.504
 3781.509
 3781.517
 3781.526
 3781.532
 3781.539
 3781.545
 3781.556
 3781.560
 3781.571
 3781.578
 3781.582
 3781.593
 3781.601
 3781.604
 3781.618
 3781.625
 3781.629
 3781.642
 3781.644
 3781.657
 3781.666
 3781.672
 3781.681
 3781.690
 3781.700
 3781.707
 3781.713
 3781.726
 3781.731
 3781.737
 3781.750
 3781.754
 3781.770
 3781.776
 3781.785
 3781.793
 3781.800
 3781.806
 3781.813
 3781.823
 3781.830
 3781.839
 3781.847
 3781.854
 3781.860
 3781.871
 3781.878
 3781.886
 3781.893
 3781.901
 3781.908
 3781.917
 3781.925
 3781.932
 3781.940
 3781.949
 3781.953
 3781.966
 3781.971
 3781.977
 3781.992
 3781.997
 3782.001
 3782.010
 3782.016
 3782.023
 3782.034
 3782.040
 3782.044
 3782.053
 3782.062
 3782.068
 3782.077
 3782.086
 3782.094
 3782.101
 3782.110
 3782.118
 3782.127
 3782.136
 3782.153
 3782.160
 3782.164
 3782.175
 3782.184
 3782.188
 3782.199
 3782.206
 3782.217
 3782.221
 3782.225
 3782.243
 3782.247
 3782.256
 3782.262
 3782.269
 3782.278
 3782.286
 3782.295
 3782.302
 3782.308
 3782.317
 3782.321
 3782.332
 3782.341
 3782.343
 3782.350
 3782.365
 3782.369
 3782.378
 3782.387
 3782.394
 3782.400
 3782.409
 3782.416
 3782.424
 3782.433
 3782.439
 3782.450
 3782.457
 3782.466
 3782.472
 3782.479
 3782.486
 3782.497
 3782.505
 3782.508
 3782.519
 3782.527
 3782.532
 3782.545
 3782.552
 3782.558
 3782.567
 3782.573
 3782.582
 3782.591
 3782.598
 3782.606
 3782.615
 3782.624
 3782.633
 3782.640
 3782.646
 3782.653
 3782.662
 3782.668
 3782.675
 3782.681
 3782.690
 3782.697
 3782.704
 3782.715
 3782.719
 3782.730
 3782.739
 3782.741
 3782.752
 3782.761
 3782.763
 3782.779
 3782.785
 3782.794
 3782.801
 3782.805
 3782.816
 3782.825
 3782.832
 3782.843
 3782.847
 3782.852
 3782.867
 3782.872
 3782.881
 3782.887
 3782.896
 3782.905
 3782.914
 3782.921
 3782.929
 3782.934
 3782.943
 3782.952
 3782.958
 3782.972
 3782.981
 3782.987
 3782.996
 3783.003
 3783.012
 3783.021
 3783.027
 3783.039
 3783.045
 3783.052
 3783.061
 3783.072
 3783.074
 3783.083
 3783.094
 3783.097
 3783.110
 3783.119
 3783.121
 3783.130
 3783.141
 3783.155
 3783.164
 3783.168
 3783.177
 3783.186
 3783.195
 3783.204
 3783.208
 3783.215
 3783.226
 3783.233
 3783.238
 3783.247
 3783.253
 3783.262
 3783.269
 3783.278
 3783.285
 3783.289
 3783.301
 3783.310
 3783.323
 3783.332
 3783.336
 3783.352
 3783.354
 3783.357
 3783.375
 3783.382
 3783.388
 3783.400
 3783.406
 3783.415
 3783.424
 3783.433
 3783.438
 3783.445
 3783.454
 3783.463
 3783.467
 3783.481
 3783.497
 3783.503
 3783.510
 3783.517
 3783.524
 3783.533
 3783.540
 3783.551
 3783.556
 3783.563
 3783.574
 3783.578
 3783.590
 3783.596
 3783.601
 3783.615
 3783.622
 3783.626
 3783.640
 3783.644
 3783.653
 3783.665
 3783.669
 3783.678
 3783.688
 3783.694
 3783.703
 3783.708
 3783.717
 3783.726
 3783.733
 3783.742
 3783.749
 3783.756
 3783.770
 3783.772
 3783.781
 3783.792
 3783.795
 3783.809
 3783.815
 3783.818
 3783.832
 3783.838
 3783.845
 3783.854
 3783.861
 3783.871
 3783.877
 3783.886
 3783.891
 3783.898
 3783.914
 3783.919
 3783.935
 3783.937
 3783.946
 3783.960
 3783.962
 3783.969
 3783.976
 3783.988
 3783.995
 3784.004
 3784.013
 3784.020
 3784.027
 3784.034
 3784.043
 3784.048
 3784.062
 3784.066
 3784.073
 3784.085
 3784.087
 3784.092
 3784.106
 3784.113
 3784.115
 3784.129
 3784.136
 3784.138
 3784.155
 3784.157
 3784.166
 3784.180
 3784.192
 3784.203
 3784.206
 3784.220
 3784.224
 3784.234
 3784.243
 3784.252
 3784.259
 3784.264
 3784.276
 3784.287
 3784.299
 3784.311
 3784.325
 3784.334
 3784.351
 3784.355
 3784.358
 3784.372
 3784.379
 3784.381
 3784.395
 3784.402
 3784.407
 3784.419
 3784.426
 3784.433
 3784.442
 3784.449
 3784.461
 3784.463
 3784.475
 3784.487
 3784.499
 3784.511
 3784.525
 3784.534
 3784.539
 3784.556
 3784.558
 3784.563
 3784.579
 3784.582
 3784.589
 3784.603
 3784.617
 3784.627
 3784.629
 3784.644
 3784.648
 3784.658
 3784.667
 3784.679
 3784.691
 3784.698
 3784.706
 3784.713
 3784.720
 3784.727
 3784.739
 3784.746
 3784.758
 3784.770
 3784.775
 3784.782
 3784.789
 3784.797
 3784.809
 3784.813
 3784.821
 3784.828
 3784.837
 3784.845
 3784.849
 3784.862
 3784.869
 3784.874
 3784.885
 3784.893
 3784.895
 3784.910
 3784.919
 3784.922
 3784.936
 3784.944
 3784.946
 3784.958
 3784.965
 3784.973
 3784.980
 3784.987
 3784.995
 3785.002
 3785.011
 3785.021
 3785.026
 3785.031
 3785.043
 3785.053
 3785.063
 3785.077
 3785.080
 3785.094
 3785.099
 3785.104
 3785.116
 3785.126
 3785.129
 3785.139
 3785.151
 3785.161
 3785.175
 3785.185
 3785.200
 3785.207
 3785.220
 3785.225
 3785.232
 3785.244
 3785.247
 3785.259
 3785.264
 3785.269
 3785.284
 3785.289
 3785.291
 3785.304
 3785.311
 3785.314
 3785.324
 3785.333
 3785.336
 3785.344
 3785.358
 3785.361
 3785.364
 3785.381
 3785.386
 3785.391
 3785.406
 3785.408
 3785.418
 3785.428
 3785.436
 3785.438
 3785.451
 3785.458
 3785.463
 3785.473
 3785.476
 3785.491
 3785.501
 3785.504
 3785.519
 3785.524
 3785.531
 3785.544
 3785.549
 3785.552
 3785.562
 3785.574
 3785.582
 3785.594
 3785.600
 3785.602
 3785.617
 3785.625
 3785.627
 3785.643
 3785.650
 3785.653
 3785.668
 3785.673
 3785.681
 3785.686
 3785.696
 3785.701
 3785.714
 3785.719
 3785.722
 3785.740
 3785.742
 3785.748
 3785.763
 3785.766
 3785.773
 3785.786
 3785.794
 3785.796
 3785.814
 3785.820
 3785.840
 3785.843
 3785.848
 3785.864
 3785.869
 3785.874
 3785.887
 3785.892
 3785.900
 3785.910
 3785.916
 3785.926
 3785.934
 3785.942
 3785.949
 3785.958
 3785.965
 3785.973
 3785.984
 3785.991
 3785.994
 3786.010
 3786.015
 3786.018
 3786.033
 3786.042
 3786.055
 3786.065
 3786.068
 3786.081
 3786.086
 3786.097
 3786.102
 3786.113
 3786.121
 3786.129
 3786.137
 3786.139
 3786.153
 3786.161
 3786.164
 3786.177
 3786.185
 3786.193
 3786.201
 3786.209
 3786.217
 3786.220
 3786.233
 3786.241
 3786.244
 3786.257
 3786.263
 3786.271
 3786.292
 3786.295
 3786.298
 3786.314
 3786.320
 3786.322
 3786.336
 3786.341
 3786.358
 3786.366
 3786.368
 3786.379
 3786.390
 3786.393
 3786.396
 3786.404
 3786.407
 3786.407
 3786.407
 3786.407
 3786.407
 3786.407
 3786.410
 3786.412
 3786.412
 3786.412
 3786.412
 3786.412
 3786.412
 3786.412
 3786.412
 3786.412
 3786.412
 3786.412
 3786.412
 3786.412
 3786.412
 3786.412
 3786.412
 3786.412
 3786.412
 3786.412
 3786.412
 3786.412
 3786.412
 3786.412
 3786.412
 3786.412
 3786.412
 3786.412
 3786.412
 3786.412
 3786.412
 3786.412
 3786.412
 3786.412
 3786.412
 3786.412
 3786.412
 3786.412
 3786.412
 3786.412
 3786.412
 3786.412
 3786.412
 3786.412
 3786.412
 3786.412
 3786.412
 3786.412
 3786.412
 3786.412
 3786.412
 3786.412
 3786.412
 3786.412
 3786.412
 3786.412
 3786.412
 3786.412
 3786.412
 3786.412
 3786.412
 3786.412
 3786.412
 3786.412
 3786.412
 3786.412
 3786.412
 3786.412
 3786.412
 3786.412
 3786.412
 3786.412
 3786.412
 3786.412
 3786.412
 3786.412
 3786.412
 3786.412
 3786.412
 3786.412
 3786.412
 3786.412
 3786.412
 3786.412
 3786.412
 3786.412
 3786.412
 3786.412
 3786.412
 3786.412
 3786.412
 3786.412
 3786.412
 3786.412
 3786.412
 3786.412
 3786.412
 3786.412
 3786.412
 3786.412
 3786.412
 3786.412
 3786.412
 3786.412
 3786.412
 3786.412
 3786.412
 3786.412
 3786.412
 3786.412
 3786.412
 3786.412
 3786.412
 3786.412
 3786.412
 3786.412
 3786.412
 3786.412
 3786.412
 3786.412
 3786.412
 3786.412
 3786.412
 3786.412
 3786.412
 3786.412
 3786.412
 3786.412
 3786.412
 3786.412
 3786.412
 3786.412
 3786.412
 3786.412
 3786.412
 3786.412
 3786.412
 3786.412
 3786.412
 3786.412
 3786.412
 3786.412
 3786.412
 3786.412
 3786.412
 3786.412
 3786.412
 3786.412
 3786.412
 3786.412
 3786.412
 3786.412
 3786.412
 3786.412
 3786.412
 3786.412
 3786.412
 3786.412
 3786.412
 3786.412
 3786.412
 3786.412
 3786.412
 3786.412
 3786.412
 3786.412
 3786.412
 3786.412
 3786.412
 3786.412
 3786.412
 3786.412
 3786.412
 3786.412
 3786.412
 3786.412
 3786.412
 3786.412
 3786.412
 3786.412
 3786.412
 3786.412
 3786.412
 3786.412
 3786.412
 3786.412
 3786.412
 3786.412
 3786.412
 3786.412
 3786.412
 3786.412
 3786.412
 3786.412
 3786.412
 3786.412
 3786.412
 3786.412
 3786.412
 3786.412
 3786.412
 3786.412
 3786.412
 3786.412
 3786.412
 3786.412
 3786.412
 3786.412
 3786.412
 3786.412
 3786.412
 3786.412
 3786.412
 3786.412
 3786.412
 3786.412
 3786.412
 3786.412
 3786.412
 3786.412
 3786.412
 3786.412
 3786.412
 3786.412
 3786.412
 3786.412
 3786.412
 3786.412
 3786.412
 3786.412
 3786.412
 3786.412
 3786.412
 3786.412
 3786.412
 3786.412
 3786.412
 3786.412
 3786.412
 3786.412
 3786.412
 3786.412
 3786.412
 3786.412
 3786.412
 3786.412
 3786.412
 3786.412
 3786.412
 3786.412
 3786.412
 3786.412
 3786.412
 3786.412
 3786.412
 3786.412
 3786.412
 3786.412
 3786.412
 3786.412
 3786.412
 3786.412
 3786.412
 3786.412
 3786.412
 3786.412
 3786.412
 3786.412
 3786.412
 3786.412
 3786.412
 3786.412
 3786.412
 3786.412
 3786.412
 3786.412
 3786.412
 3786.412
 3786.412
 3786.412
 3786.412
 3786.412
 3786.412
 3786.412
 3786.412
 3786.412
 3786.412
 3786.412
 3786.412
 3786.412
 3786.412
 3786.412
 3786.412
 3786.412
 3786.412
 3786.412
 3786.412
 3786.412
 3786.412
 3786.412
 3786.412
 3786.412
 3786.412
 3786.412
 3786.412
 3786.412
 3786.412
 3786.412
 3786.412
 3786.412
 3786.412
 3786.412
 3786.412
 3786.412
 3786.412
 3786.412
 3786.412
 3786.412
 3786.412
 3786.412
 3786.412
 3786.412
 3786.412
 3786.412
 3786.412
 3786.412
 3786.412
 3786.412
 3786.412
 3786.412
 3786.412
 3786.412
 3786.412
 3786.412
 3786.412
 3786.412
 3786.412
 3786.412
 3786.412
 3786.412
 3786.412
 3786.412
 3786.412
 3786.412
 3786.412
 3786.412
 3786.412
 3786.412
 3786.412
 3786.412
 3786.412
 3786.412
 3786.412
 3786.412
 3786.412
 3786.412
 3786.412
 3786.412
 3786.412
 3786.412
 3786.412
 3786.412
 3786.412
 3786.412
 3786.412
 3786.412
 3786.412
 3786.412
 3786.412
 3786.412
 3786.412
 3786.412
 3786.412
 3786.412
 3786.412
 3786.412
 3786.412
 3786.412
 3786.412
 3786.412
 3786.412
 3786.412
 3786.412
 3786.412
 3786.412
 3786.412
 3786.412
 3786.412
 3786.412
 3786.412
 3786.412
 3786.412
 3786.412
 3786.412
 3786.412
 3786.412
 3786.412
 3786.412
 3786.412
 3786.412
 3786.412
 3786.412
 3786.412
 3786.412
 3786.412
 3786.412
 3786.412
 3786.412
 3786.412
 3786.412
 3786.412
 3786.412
 3786.412
 3786.412
 3786.412
 3786.412
 3786.412
 3786.412
 3786.412
 3786.412
 3786.412
 3786.412
 3786.412
 3786.412
 3786.412
 3786.412
 3786.412
 3786.412
 3786.412
 3786.412
 3786.412
 3786.412
 3786.412
 3786.412
 3786.412
 3786.412
 3786.412
 3786.412
 3786.412
 3786.412
 3786.412
 3786.412
 3786.412
 3786.412
 3786.412
 3786.412
 3786.412
 3786.412
 3786.412
 3786.412
 3786.412
 3786.412
 3786.412
 3786.412
 3786.412
 3786.412
 3786.412
 3786.412
 3786.412
 3786.412
 3786.412
 3786.412
 3786.412
 3786.412
 3786.412
 3786.412
 3786.412
 3786.412
 3786.412
 3786.412
 3786.412
 3786.412
 3786.412
 3786.412
 3786.412
 3786.412
 3786.412
 3786.412
 3786.412
 3786.412
 3786.412
 3786.412
 3786.412
 3786.412
 3786.412
 3786.412
 3786.412
 3786.412
 3786.412
 3786.412
 3786.412
 3786.412
 3786.412
 3786.412
 3786.412
 3786.412
 3786.412
 3786.412
 3786.412
 3786.412
 3786.412
 3786.412
 3786.412
 3786.412
 3786.412
 3786.412
 3786.412
 3786.412
 3786.412
 3786.412
 3786.412
 3786.412
 3786.412
 3786.412
 3786.412
 3786.412
 3786.412
 3786.412
 3786.412




















































































































































































































































































































































































































































































































































































































































































































































































































































































































































































































































































































































































































































































































































































































































































































































































































































































































































































































































































































































































































































































































































































































































































































































































































































































































































































































































































































































































































































































































































































































































































































































































































































































































































































































































































































































































































































































































































































































































































































































































































































































































































































































































































































































































































































































































































































































































































































































































































































































































































































































































































































































































































































































































































































































































































































































































































































































































































































































































































































































































































































































































































































































































































































































































































































































































































































































































































































































































































































































































































































































































































































































































































































































































































































































































































































































































































































































































































































































































































































































































































































































































































































































































































































































































































































































































































































































































































































































































































































































































































































































































































































































































































































































































































































































































































































































































































































































































































































































































































































































































































































































































































































































































































































































































































































































































































































































































































































































































































































































































































































































































































































































































































































































































































































































































































































































































































































































































































































































































































































































































































































































































































































































































































































































































































